                              SHOTcq0       SHOTcq1       SHOTcq2       SHOThq0       SHOThq1       SHOThq2         baron          scip    virt. best   virt. worst
ASPOPwCRaTE5_20              0.000043  4.622020e-05  4.640711e-05      0.000047  4.476293e-05  4.489183e-05  4.155989e-05  4.665984e-05  4.730949e-05      0.000042
ASPOPwCRaTE5_60              0.000036  8.804367e-06  3.760864e-05      0.000066  4.039568e-05  3.905080e-05  4.157744e-05  6.428062e-05  6.646444e-05      0.000009
CCPOP5_100                   0.000051  6.345063e-05  6.249596e-05      0.000145  6.193601e-05  6.023317e-05  6.023318e-05  6.023318e-05  1.451263e-04      0.000051
CCPOP5_20                    0.000095  9.392281e-05  9.480150e-05      0.000348  9.501362e-05  9.645916e-05  9.326178e-05  9.326178e-05  3.484605e-04      0.000093
CCPOP5_300                   0.000039  3.837652e-05  4.703403e-05      0.000261  4.794330e-05  5.003183e-05  5.475559e-05  5.475559e-05  2.610690e-04      0.000038
CCPOP5_50                    0.000063  6.912032e-05  6.577813e-05      0.000348  6.712389e-05  6.675475e-05  6.500245e-05  6.500245e-05  3.484605e-04      0.000063
CCPOPwTCRTEaD5_20           -0.001025 -1.011394e-03 -1.006225e-03     -0.000605 -1.013516e-03 -1.013516e-03 -1.014524e-03 -1.014524e-03 -6.053929e-04     -0.001025
CCPOPwTCaRL5_165             0.001178  1.177724e-03  1.177724e-03      0.001178  1.177724e-03  1.177724e-03  1.178809e-03  1.178809e-03  1.177724e-03      0.001179
CCPOPwTCaRL5_20              0.000256  2.557910e-04  2.557910e-04      0.000256  2.557953e-04  2.557910e-04  2.560247e-04  2.560247e-04  2.557910e-04      0.000256
CCPOPwTCaRL5_308             0.001759  1.759138e-03  1.759138e-03      0.001762  1.761791e-03  1.761791e-03  1.761791e-03  1.761791e-03  1.759138e-03      0.001762
CCPOPwTCaRL5_50              0.000280  2.804233e-04  2.804233e-04      0.000280  2.804233e-04  2.804359e-04  3.232556e-04  3.229297e-04  2.804233e-04      0.000323
MPCCPOP_crypto8_1mo_1d      -0.077289 -7.726024e-02 -7.724293e-02     -0.077132 -7.727364e-02 -7.723161e-02 -7.728854e-02 -7.728854e-02 -7.713166e-02     -0.077289
MPCCPOP_crypto8_1mo_1h      -0.088665 -8.835639e-02 -8.836232e-02     -0.088032 -8.792009e-02 -8.850503e-02 -8.836447e-02 -8.836447e-02 -8.792009e-02     -0.088665
MPCCPOP_crypto8_1mo_5d      -0.094977 -9.497665e-02 -9.497665e-02     -0.094977 -9.497665e-02 -9.497665e-02 -9.497665e-02 -9.497665e-02 -9.497665e-02     -0.094977
RPOPwCaTC5_50                0.000507  5.065826e-04  5.037632e-04      0.000511  5.111652e-04  5.103286e-04  5.756362e-04  5.785478e-04  5.037632e-04      0.000579
SaCCDPOP5_3_115              7.349444  7.406561e+00  7.243827e+00      7.630999  7.631324e+00  7.631583e+00  7.678827e+00  4.179830e+00  7.678827e+00      4.179830
SaCCDPOP5_3_17               1.116472  1.116418e+00  1.116468e+00      1.116481  1.116422e+00  1.116443e+00  1.116443e+00  1.115469e+00  1.116481e+00      1.115469
SaCCDPOP5_3_61               3.823439  3.812450e+00  3.784265e+00      3.893796  3.936650e+00  3.948523e+00  3.948617e+00  2.140627e+00  3.948617e+00      2.140627
alan                         2.925000  2.925000e+00  2.925000e+00      2.927616  2.925000e+00  2.925000e+00  2.925000e+00  2.922631e+00  2.927616e+00      2.922631
ball_mk4_05                 28.000000           inf           inf     28.000000           inf           inf           inf           inf           inf     28.000000
color_lab2_4x0              19.415313  3.252712e+01  3.234397e+01     19.426551  3.242325e+01  3.265572e+01  3.421698e+01 -2.861310e+01  3.421698e+01    -28.613101
color_lab6b_4x20           -11.105398 -3.249256e+00 -3.297534e+00    -11.136869 -3.290709e+00 -3.371291e+00 -1.062576e+00 -6.574593e+03 -1.062576e+00  -6574.593284
nvs10                     -310.800000 -3.136135e+02 -3.142269e+02   -310.800000 -3.108000e+02 -3.108000e+02 -3.108000e+02 -3.110970e+02 -3.108000e+02   -314.226873
nvs11                     -431.000000 -4.328533e+02 -4.310000e+02   -431.000000 -4.310000e+02 -4.310000e+02 -4.310000e+02 -4.313671e+02 -4.310000e+02   -432.853259
nvs12                     -481.200000 -4.812000e+02 -4.844566e+02   -481.200000 -4.812000e+02 -4.812000e+02 -4.812000e+02 -4.815119e+02 -4.812000e+02   -484.456597
nvs15                        1.000000 -1.056539e+00 -2.734548e-01      1.000000  9.999730e-01  9.999812e-01  1.000000e+00  1.000000e+00  1.000000e+00     -1.056539
pedigree_ex1058         -22735.447762 -2.269472e+04 -2.208348e+04 -22728.780000 -2.277633e+04 -2.205326e+04 -2.247936e+04 -2.224528e+04 -2.205326e+04 -22776.330000
pedigree_ex485_2        -25759.520000 -2.577998e+04 -2.576682e+04 -25781.130000 -2.576142e+04 -2.576682e+04 -2.576682e+04 -2.578557e+04 -2.575952e+04 -25785.571772
pedigree_ex485          -22679.484647 -2.259046e+04 -2.205280e+04 -22696.460000 -2.256106e+04 -2.196634e+04 -2.193157e+04 -2.193157e+04 -2.193157e+04 -22696.460000
pedigree_sim400          -2619.410000 -2.605642e+03 -2.604394e+03  -2623.230000 -2.606400e+03 -2.599280e+03 -2.640190e+03 -2.656187e+03 -2.599280e+03  -2656.187337
pedigree_sp_top4_250    -23532.575492 -2.356521e+04 -2.317619e+04 -23530.920000 -2.350419e+04 -2.316802e+04 -2.317619e+04 -2.317619e+04 -2.316802e+04 -23565.214567
pedigree_sp_top4_300    -23528.613453 -2.349641e+04 -2.317619e+04 -23526.600000 -2.344015e+04 -2.316622e+04 -2.317619e+04 -2.319051e+04 -2.316622e+04 -23528.613453
pedigree_sp_top4_350tr  -23374.518368 -2.338245e+04 -2.300331e+04 -23386.110000 -2.330762e+04 -2.299774e+04 -2.300331e+04 -2.302300e+04 -2.299774e+04 -23386.110000
pedigree_sp_top5_200    -23561.610835 -2.365653e+04 -2.317619e+04 -23556.210000 -2.380863e+04 -2.316889e+04 -2.317619e+04 -2.386110e+04 -2.316889e+04 -23861.102092
pedigree_sp_top5_250    -23553.693626 -2.360150e+04 -2.317019e+04 -23552.490000 -2.357130e+04 -2.315713e+04 -2.317619e+04 -2.369169e+04 -2.315713e+04 -23691.688422
watercontamination0202r  -4027.878787  9.790444e+01  9.790444e+01    -70.714598  9.790444e+01  9.790444e+01  9.790444e+01 -3.713470e+03  9.790444e+01  -4027.878787
