                          SHOTcq0       SHOTcq1       SHOTcq2       SHOThq0       SHOThq1       SHOThq2         baron        gurobi      scip    virt. best  virt. worst
alan                     0.000000  0.000000e+00  0.000000e+00  0.000000e+00  0.000000e+00  0.000000e+00  0.000000e+00  0.000000e+00  0.000810  0.000000e+00     0.000810
ball_mk4_05              0.000000  0.000000e+00  0.000000e+00  0.000000e+00  0.000000e+00  0.000000e+00  0.000000e+00  0.000000e+00  0.000000  0.000000e+00     0.000000
meanvarx                 0.000000  0.000000e+00  0.000000e+00  0.000000e+00  0.000000e+00  0.000000e+00  0.000000e+00  0.000000e+00  0.000002  0.000000e+00     0.000002
nvs10                    0.000000  9.052560e-03  1.102598e-02  0.000000e+00  0.000000e+00  1.777608e-02  0.000000e+00  0.000000e+00  0.000956  0.000000e+00     0.017776
nvs11                    0.000000  4.299904e-03  4.680833e-03  0.000000e+00  0.000000e+00  0.000000e+00  0.000000e+00  0.000000e+00  0.000852  0.000000e+00     0.004681
nvs12                    0.000000  8.451948e-09  6.767658e-03  0.000000e+00  0.000000e+00  0.000000e+00  0.000000e+00  4.156276e-04  0.000648  0.000000e+00     0.006768
nvs15                    0.000000  2.000000e+00  2.000000e+00  0.000000e+00  2.701265e-05  1.880865e-05  0.000000e+00  0.000000e+00  0.000000  0.000000e+00     2.000000
pedigree_ex485_2         0.000000  0.000000e+00  0.000000e+00  3.869317e-04  0.000000e+00  0.000000e+00  0.000000e+00  8.202307e-06  0.000728  0.000000e+00     0.000728
pedigree_ex485           0.034146  2.816526e-02  2.265520e-03  3.552915e-02  2.606562e-02  0.000000e+00  0.000000e+00  9.943538e-04  0.000000  0.000000e+00     0.035529
pedigree_sp_top4_250     0.015197  1.667940e-02  0.000000e+00  1.533255e-02  1.457142e-02  0.000000e+00  0.000000e+00  4.160093e-04  0.000000  0.000000e+00     0.016679
pedigree_sp_top4_300     0.015149  1.236038e-02  0.000000e+00  1.516643e-02  1.075932e-02  0.000000e+00  0.000000e+00  9.724431e-04  0.000618  0.000000e+00     0.015166
pedigree_sp_top4_350tr   0.016107  1.063731e-02  0.000000e+00  1.638373e-02  1.093582e-02  0.000000e+00  0.000000e+00  9.906364e-04  0.000856  0.000000e+00     0.016384
watercontamination0202r  2.000000  2.373756e-07  2.373550e-07  2.372685e-07  2.372686e-07  2.372691e-07  2.372686e-07  2.372686e-07  2.000000  2.372685e-07     2.000000
