                         SHOTcq0  SHOTcq1  SHOTcq2  SHOThq0  SHOThq1  SHOThq2    baron     scip  virt. best  virt. worst
ASPOPwCRaTE5_20                1        1        1        1        1        1      1.0        2         1.0          2.0
ASPOPwCRaTE5_60                1        1        1        1        1        1      1.0        1         1.0          1.0
CCPOP5_100                     1        1        1        1        1        1  34760.0    34760         1.0      34760.0
CCPOP5_20                      1        1        1        1        1        1    174.0      174         1.0        174.0
CCPOP5_300                     1        1        1        1        1        1  18642.0    18646         1.0      18646.0
CCPOP5_50                      1        1        1        1        1        1   7869.0     7869         1.0       7869.0
CCPOPwTCRTEaD5_20              1        1        1        1        1        1   2053.0     2053         1.0       2053.0
CCPOPwTCaRL5_165               1        1        1        1        1        1   7384.0     7384         1.0       7384.0
CCPOPwTCaRL5_20                1        1        1        1        1        1   1736.0     1736         1.0       1736.0
CCPOPwTCaRL5_308               1        1        1        1        1        1    454.0      454         1.0        454.0
CCPOPwTCaRL5_50                1        1        1        1        1        1  62516.0    62977         1.0      62977.0
MPCCPOP_crypto8_1mo_1d         1        1        1        1        1        1     20.0       20         1.0         20.0
MPCCPOP_crypto8_1mo_1h         1        1        1        1        1        1   1222.0     1222         1.0       1222.0
MPCCPOP_crypto8_1mo_5d         1        1        1        1        1        1      3.0        3         1.0          3.0
RPOPwCaTC5_50                  1        1        1        1        1        1  43390.0    40470         1.0      43390.0
SaCCDPOP5_3_115                1        1        1        1        1        1      1.0   228110         1.0     228110.0
SaCCDPOP5_3_17                 1        1        1        1        1        1      1.0   680116         1.0     680116.0
SaCCDPOP5_3_61                 1        1        1        1        1        1      1.0   608614         1.0     608614.0
alan                           1        1        1        1        1        1      1.0      158         1.0        158.0
ball_mk4_05                    1        1        1        1        1        1        -     5971         1.0            -
color_lab2_4x0                 1        1        1        1        1        1      1.0   562419         1.0     562419.0
color_lab6b_4x20               1        1        1        1        1        1      1.0   721717         1.0     721717.0
nvs10                          1        1        1        1        1        1      1.0       38         1.0         38.0
nvs11                          1        1        1        1        1        1      1.0       80         1.0         80.0
nvs12                          1        1        1        1        1        1      1.0      114         1.0        114.0
nvs15                          1        1        1        1        1        1      1.0       45         1.0         45.0
pedigree_ex1058                1        1        1        1        1        1        -   481032         1.0            -
pedigree_ex485_2               1        1        1        1        1        1      1.0    15856         1.0      15856.0
pedigree_ex485                 1        1        1        1        1        1      1.0    79187         1.0      79187.0
pedigree_sim400                1        1        1        1        1        1      1.0  1250555         1.0    1250555.0
pedigree_sp_top4_250           1        1        1        1        1        1      1.0   118213         1.0     118213.0
pedigree_sp_top4_300           1        1        1        1        1        1      1.0    52581         1.0      52581.0
pedigree_sp_top4_350tr         1        1        1        1        1        1      1.0    48795         1.0      48795.0
pedigree_sp_top5_200           1        1        1        1        1        1      1.0   106122         1.0     106122.0
pedigree_sp_top5_250           1        1        1        1        1        1      1.0   163143         1.0     163143.0
watercontamination0202r        1        1        1        1        1        1      1.0  1545369         1.0    1545369.0
