Category: Efficiency
Attribute: SolverTime
Filter: all instances
               SHOTcq0  SHOTcq1  SHOTcq2  SHOThq0  SHOThq1  SHOThq2  baron  gurobi   scip  virt. best  virt. worst
count            60.00    60.00    60.00    60.00    60.00    60.00  60.00   60.00  60.00       60.00        60.00
arith. mean     597.01   458.62   313.01   546.22   434.80   337.74 281.30  251.22 446.24      145.44       736.97
arith. std.     420.51   436.88   411.62   425.63   431.32   416.64 401.70  393.18 437.15      315.90       348.90
geom. mean      107.51    57.36    29.59    85.96    59.74    36.34  16.30    7.10  53.85        2.91       304.99
geom. std.       25.85    25.86    21.42    26.97    21.58    20.39  30.24   42.02  28.46       28.33        12.35
sh.geom. mean   226.18   133.13    71.90   189.30   125.53    81.63  55.93   39.05 132.48       18.53       444.53
sh.geom. std.     6.92     7.02     6.27     7.05     6.80     6.32   6.42    6.59   6.79        4.94         4.52
min               0.10     0.12     0.08     0.09     0.07     0.09   0.02    0.02   0.05        0.02         0.13
10.0%             0.23     0.20     0.21     0.14     0.32     0.26   0.10    0.04   0.14        0.04         1.76
25.0%             8.78    10.63     3.59     6.04     7.20     7.91   1.14    0.21   7.13        0.17       900.00
50.0%           900.32   397.02    42.72   900.02   222.99    36.50  23.16    8.17 230.18        2.54       920.00
75.0%           901.57   901.47   900.40   900.06   900.05   900.03 920.07  587.83 920.00       19.85       930.00
90.0%           907.82   908.00   904.39   900.55   900.40   900.49 923.35  923.02 922.77      900.02       930.00
max             930.00   930.00   930.00   930.00   901.97   930.00 930.00  930.00 930.00      900.07       930.00
Data: stat_Efficiencydata000.txt

Relative to virt. best :
             SHOTcq0  SHOTcq1  SHOTcq2  SHOThq0  SHOThq1  SHOThq2   baron  gurobi     scip  virt. worst
count          60.00    60.00    60.00    60.00    60.00    60.00   60.00   60.00    60.00        60.00
arith. mean   778.28  1067.02  1321.04   967.08  1341.62   375.09   47.65   55.28   528.06      3431.95
arith. std.  2139.91  5458.71  5967.09  3938.72  6830.84  2236.38  181.83  219.85  1871.85      9354.93
min             1.00     1.00     1.00     1.00     1.00     1.00    1.00    1.00     1.00         1.02
10.0%           1.00     1.01     1.00     1.00     1.00     1.00    1.02    1.00     1.03         1.03
25.0%           2.50     2.88     1.16     1.82     2.72     3.48    1.22    1.00     1.84         5.98
50.0%          43.23     7.37     5.15    15.13     9.77     7.05    3.03    1.00     9.29       118.15
75.0%         317.73   107.89    48.52   274.15   132.20    59.25   13.31    2.31    88.93       947.56
90.0%        1255.28   694.96   279.67  1253.46   380.61   244.04   74.92   18.79   858.34      8442.82
max         11395.24 38750.00 38750.00 29062.50 50000.19 17307.77 1326.68 1277.83 11645.59     50000.19
better          0.00     0.00     0.00     0.00     0.00     0.00    0.00    0.00     0.00         0.00
close          15.00    11.00    19.00    15.00    11.00    11.00   22.00   41.00    15.00         9.00
worse          45.00    49.00    41.00    45.00    49.00    49.00   38.00   19.00    45.00        51.00
Data: stat_Efficiencyratio000_virt.best.txt

Category: Efficiency
Attribute: SolverTime
Filter: no fail by all solver
               SHOTcq0  SHOTcq1  SHOTcq2  SHOThq0  SHOThq1  SHOThq2  baron  gurobi   scip  virt. best  virt. worst
count            47.00    47.00    47.00    47.00    47.00    47.00  47.00   47.00  47.00       47.00        47.00
arith. mean     568.10   458.19   306.34   541.72   435.72   312.53 240.02  221.29 411.79      157.34       683.58
arith. std.     426.35   438.95   415.40   422.30   430.36   404.31 373.08  370.43 428.10      332.48       377.74
geom. mean       86.11    51.27    25.52    80.37    52.94    30.05  13.98    6.58  45.51        3.28       224.05
geom. std.       29.63    28.54    22.76    29.56    24.63    21.91  29.24   36.72  30.90       27.26        15.82
sh.geom. mean   200.70   128.07    66.30   188.43   122.07    73.63  49.33   34.52 121.25       19.18       361.78
sh.geom. std.     7.17     7.26     6.31     7.08     7.10     6.21   5.84    6.15   6.54        5.13         5.20
min               0.10     0.12     0.08     0.09     0.07     0.09   0.02    0.02   0.05        0.02         0.13
10.0%             0.18     0.19     0.19     0.14     0.29     0.20   0.10    0.05   0.12        0.05         0.90
25.0%             5.57     4.22     3.15     5.43     6.09     4.73   1.05    0.27   6.26        0.21       509.15
50.0%           900.14   430.79    41.44   900.02   234.70    36.88  28.12    4.71 117.70        2.85       901.35
75.0%           901.16   901.18   900.28   900.04   900.06   900.02 277.76  229.19 920.00       15.22       920.08
90.0%           904.56   906.42   902.67   900.23   900.29   900.13 921.45  921.30 920.95      900.02       923.66
max             930.00   930.00   930.00   930.00   901.19   902.47 930.00  930.00 930.00      900.07       930.00
Data: stat_Efficiencydata001.txt

Relative to virt. best :
             SHOTcq0  SHOTcq1  SHOTcq2  SHOThq0  SHOThq1  SHOThq2  baron  gurobi     scip  virt. worst
count          47.00    47.00    47.00    47.00    47.00    47.00  47.00   47.00    47.00        47.00
arith. mean   581.80   148.46   474.62   375.50  1145.90    49.53  24.49   39.21   440.74      2149.93
arith. std.  1882.29   290.10  2849.23  1056.76  7282.32   115.41  75.75  168.79  1787.26      7878.40
min             1.00     1.00     1.00     1.00     1.00     1.00   1.00    1.00     1.00         1.02
10.0%           1.00     1.00     1.00     1.00     1.00     1.00   1.02    1.00     1.02         1.03
25.0%           1.24     2.27     1.11     1.94     2.39     3.43   1.14    1.00     1.64         4.62
50.0%          17.38     6.00     3.54    13.04     7.32     5.16   2.72    1.00     6.42        77.14
75.0%         254.05   118.15    27.83   215.02    91.53    35.33  10.92    1.73    75.06       560.13
90.0%         859.07   559.49   254.96   802.43   327.92   123.77  33.94    9.02   515.30      2523.15
max         11395.24  1123.05 19565.29  5949.16 50000.19   653.20 430.59 1069.82 11645.59     50000.19
better          0.00     0.00     0.00     0.00     0.00     0.00   0.00    0.00     0.00         0.00
close          14.00    10.00    16.00    11.00    10.00     9.00  19.00   34.00    14.00         8.00
worse          33.00    37.00    31.00    36.00    37.00    38.00  28.00   13.00    33.00        39.00
Data: stat_Efficiencyratio001_virt.best.txt

Category: Efficiency
Attribute: SolverTime
Filter: time >= 10.0 by at least one solver and no fail for all solvers
               SHOTcq0  SHOTcq1  SHOTcq2  SHOThq0  SHOThq1  SHOThq2  baron  gurobi   scip  virt. best  virt. worst
count            40.00    40.00    40.00    40.00    40.00    40.00  40.00   40.00  40.00       40.00        40.00
arith. mean     667.46   538.32   359.90   636.45   511.91   367.15 281.98  259.98 483.80      184.86       803.10
arith. std.     382.65   427.83   428.69   385.42   422.47   415.05 389.93  389.28 424.80      353.79       264.44
geom. mean      240.84   132.02    60.10   223.22   132.49    68.65  32.24   14.69 124.89        6.68       674.46
geom. std.       12.27    14.42    12.76    12.33    12.29    12.78  18.55   26.14  13.58       21.17         2.26
sh.geom. mean   347.07   207.52    98.46   322.49   196.08   110.41  70.68   47.61 194.97       25.14       682.78
sh.geom. std.     5.16     6.03     5.91     5.19     5.96     5.69   5.69    6.37   5.34        5.50         2.15
min               0.14     0.15     0.13     0.10     0.18     0.09   0.02    0.02   0.09        0.02        33.61
10.0%             3.29     3.05     2.70     5.07     4.83     4.13   0.76    0.20   4.16        0.17       394.22
25.0%           357.05    18.96     9.92   251.45    12.52    12.83   4.07    1.48  36.92        0.85       900.07
50.0%           900.33   900.40    56.70   900.02   900.00    57.93  39.14   11.13 466.62        3.61       901.93
75.0%           901.49   901.47   900.76   900.06   900.09   900.03 677.26  587.83 920.00       46.05       920.53
90.0%           906.57   906.80   902.92   900.25   900.38   900.18 922.49  922.36 922.36      900.03       924.86
max             930.00   930.00   930.00   930.00   901.19   902.47 930.00  930.00 930.00      900.07       930.00
Data: stat_Efficiencydata002.txt

Relative to virt. best :
             SHOTcq0  SHOTcq1  SHOTcq2  SHOThq0  SHOThq1  SHOThq2  baron  gurobi     scip  virt. worst
count          40.00    40.00    40.00    40.00    40.00    40.00  40.00   40.00    40.00        40.00
arith. mean   682.52   173.44   556.97   440.39  1345.38    57.27  28.36   45.84   517.40      2524.53
arith. std.  2027.09   308.16  3086.83  1134.98  7891.56   123.67  81.64  182.48  1930.59      8499.62
min             1.00     1.00     1.00     1.00     1.00     1.00   1.00    1.00     1.00         1.02
10.0%           1.00     1.00     1.00     1.00     1.00     1.00   1.02    1.00     1.02         1.03
25.0%           1.16     1.86     1.00     1.78     1.98     3.15   1.03    1.00     1.55        10.61
50.0%          73.11    10.75     3.87    73.06    16.01     6.35   2.73    1.00    10.13       172.49
75.0%         278.58   203.21    48.99   274.64   191.29    59.25  12.21    1.96   123.45       845.37
90.0%         920.00   694.96   279.67  1054.08   348.45   136.82  56.55   12.06   631.17      4296.25
max         11395.24  1123.05 19565.29  5949.16 50000.19   653.20 430.59 1069.82 11645.59     50000.19
better          0.00     0.00     0.00     0.00     0.00     0.00   0.00    0.00     0.00         0.00
close          11.00     8.00    13.00     8.00     9.00     8.00  13.00   28.00     9.00         7.00
worse          29.00    32.00    27.00    32.00    31.00    32.00  27.00   12.00    31.00        33.00
Data: stat_Efficiencyratio002_virt.best.txt

Category: Efficiency
Attribute: SolverTime
Filter: gap <= 0.102% and no fail for all solvers
               SHOTcq0  SHOTcq1  SHOTcq2  SHOThq0  SHOThq1  SHOThq2  baron  gurobi   scip  virt. best  virt. worst
count            11.00    11.00    11.00    11.00    11.00    11.00  11.00   11.00  11.00       11.00        11.00
arith. mean     110.95    19.63     8.08    80.43    10.63    10.49  60.95   53.63  75.10        1.55       181.54
arith. std.     222.54    42.06    14.59   156.96    13.40    11.92 177.97  160.43 171.57        2.41       254.65
geom. mean        6.15     3.18     2.01     6.29     3.49     3.25   2.18    1.22   4.74        0.43        21.62
geom. std.       17.37     8.77     6.16    14.45     5.84     6.77  15.70   17.79  16.73        5.84        17.58
sh.geom. mean    22.76     9.25     5.24    20.23     7.61     7.80  10.79    8.62  18.70        1.36        54.68
sh.geom. std.     4.41     2.17     1.67     3.82     1.71     1.68   3.23    3.18   3.66        1.19         4.94
min               0.14     0.13     0.14     0.13     0.23     0.18   0.08    0.03   0.09        0.03         0.23
10.0%             0.17     0.17     0.21     0.14     0.33     0.26   0.10    0.06   0.14        0.06         0.33
25.0%             0.80     0.49     0.45     1.06     0.86     0.57   0.14    0.13   0.59        0.12         1.51
50.0%             3.31     5.21     2.75     5.51     6.99     8.89   2.17    1.22   4.52        0.40        39.69
75.0%            57.07    15.61     9.91    43.38    11.99    14.57  13.12    6.09  63.83        2.07       283.22
90.0%           421.97    19.35    10.58   304.87    33.61    26.35  39.69   38.10 103.45        3.31       596.33
max             667.60   144.46    50.19   468.14    38.26    35.86 596.33  536.18 579.76        7.96       667.60
Data: stat_Efficiencydata003.txt

Relative to virt. best :
             SHOTcq0  SHOTcq1  SHOTcq2  SHOThq0  SHOThq1  SHOThq2  baron  gurobi   scip  virt. worst
count          11.00    11.00    11.00    11.00    11.00    11.00  11.00   11.00  11.00        11.00
arith. mean   154.91    87.09    34.00   111.32    16.75    17.05  50.02   37.49 137.11       258.84
arith. std.   277.93   253.84    87.98   203.58    24.21    25.36 129.04  116.01 233.30       349.37
min             1.00     1.63     1.00     1.67     2.24     1.19   1.00    1.00   1.00         4.14
10.0%           1.00     1.64     1.00     1.80     2.55     2.01   1.01    1.00   1.28         4.22
25.0%           1.13     2.52     1.34     2.11     3.66     3.57   1.51    1.00   2.13         8.27
50.0%           6.07     4.80     2.60     5.08     6.58     6.42   2.86    1.54   3.33        17.38
75.0%         209.93     5.92     6.28   104.68    11.76    11.28   7.56    2.63 215.05       441.86
90.0%         348.01    74.59    53.43   353.78    64.23    66.35  91.87   11.52 453.14       849.74
max           905.80   849.74   295.22   635.18    66.29    69.34 430.59  387.16 608.54       905.80
better          0.00     0.00     0.00     0.00     0.00     0.00   0.00    0.00   0.00         0.00
close           4.00     0.00     3.00     1.00     0.00     0.00   5.00    5.00   3.00         0.00
worse           7.00    11.00     8.00    10.00    11.00    11.00   6.00    6.00   8.00        11.00
Data: stat_Efficiencyratio003_virt.best.txt

Category: Efficiency
Attribute: SolverTime
Filter: gap <= 1% and no fail for all solvers
               SHOTcq0  SHOTcq1  SHOTcq2  SHOThq0  SHOThq1  SHOThq2  baron  gurobi   scip  virt. best  virt. worst
count            16.00    16.00    16.00    16.00    16.00    16.00  16.00   16.00  16.00       16.00        16.00
arith. mean     143.19    96.84    72.11   167.99    49.22    14.32  43.00   36.98  75.64        1.17       349.96
arith. std.     275.58   240.93   224.43   314.89   117.94    25.36 147.93  133.45 161.39        2.06       391.14
geom. mean        6.74     3.92     3.00     6.58     3.78     2.78   1.46    0.65   3.53        0.31        43.07
geom. std.       21.38    16.33    12.46    24.10    11.54     8.28  13.50   14.70  21.09        5.65        22.15
sh.geom. mean    27.22    16.50    11.61    28.12    12.96     8.26   7.79    5.49  18.27        1.03       101.79
sh.geom. std.     4.95     4.01     3.39     5.38     3.08     1.96   2.77    2.71   3.78        1.16         6.34
min               0.14     0.13     0.14     0.10     0.18     0.18   0.08    0.02   0.08        0.02         0.23
10.0%             0.16     0.19     0.18     0.13     0.22     0.20   0.10    0.04   0.09        0.04         0.39
25.0%             0.36     0.32     0.32     0.54     0.42     0.27   0.12    0.07   0.21        0.07         1.66
50.0%             5.57     3.32     3.15     4.01     4.32     5.35   1.70    0.48   2.93        0.30       117.09
75.0%            92.24    17.18    10.09   128.75    17.94    13.85   9.71    2.25  50.89        0.95       725.70
90.0%           544.79   287.62   105.56   684.08   136.48    31.11  28.94   23.03 228.46        3.03       900.05
max             900.09   901.81   900.00   900.73   435.05   100.75 596.33  536.18 579.76        7.96       901.81
Data: stat_Efficiencydata004.txt

Relative to virt. best :
             SHOTcq0  SHOTcq1  SHOTcq2  SHOThq0  SHOThq1  SHOThq2  baron  gurobi   scip  virt. worst
count          16.00    16.00    16.00    16.00    16.00    16.00  16.00   16.00  16.00        16.00
arith. mean   453.63   174.09  1259.60   236.50    69.52    21.82  36.31   26.10 125.19      1893.69
arith. std.  1320.38   361.91  4882.25   441.45   155.32    34.86 107.49   96.32 215.46      4892.29
min             1.00     1.56     1.00     1.67     2.24     1.19   1.00    1.00   1.00         4.14
10.0%           1.00     1.64     1.12     1.82     2.66     2.67   1.01    1.00   1.46         4.40
25.0%           2.29     2.82     1.47     2.32     3.65     3.76   1.54    1.00   1.84        11.99
50.0%          11.44     4.84     3.95     7.57     6.95     7.19   2.90    1.00   3.37       292.15
75.0%         218.08    33.73    19.10   171.74    25.02    14.49   6.75    1.99 140.26       960.12
90.0%         626.91   764.08   247.81   878.45   217.94    67.84  55.07    7.30 446.67      3371.66
max          5325.96  1123.05 19565.29  1417.36   541.79   125.47 430.59  387.16 608.54     19565.29
better          0.00     0.00     0.00     0.00     0.00     0.00   0.00    0.00   0.00         0.00
close           5.00     1.00     4.00     3.00     0.00     0.00   8.00   10.00   5.00         0.00
worse          11.00    15.00    12.00    13.00    16.00    16.00   8.00    6.00  11.00        16.00
Data: stat_Efficiencyratio004_virt.best.txt

Category: Efficiency
Attribute: SolverTime
Filter: gap <= 10% and no fail for all solvers
               SHOTcq0  SHOTcq1  SHOTcq2  SHOThq0  SHOThq1  SHOThq2  baron  gurobi   scip  virt. best  virt. worst
count            21.00    21.00    21.00    21.00    21.00    21.00  21.00   21.00  21.00       21.00        21.00
arith. mean     195.12    78.33    58.73   213.98    83.37    14.73  77.38   72.63 145.91        1.12       440.13
arith. std.     338.64   211.62   196.25   360.39   213.78    25.09 232.87  226.97 294.43        1.88       418.65
geom. mean        7.02     3.79     2.76     7.08     4.61     2.59   1.58    0.73   4.50        0.29        58.47
geom. std.       27.73    15.72    12.71    30.07    14.49     9.40  19.25   21.35  28.56        6.00        25.89
sh.geom. mean    32.42    15.58    10.98    33.52    16.58     8.40  10.19    7.94  25.21        1.00       139.00
sh.geom. std.     5.85     3.53     3.08     6.16     3.67     1.99   3.48    3.50   4.97        1.15         6.73
min               0.10     0.13     0.08     0.09     0.07     0.09   0.02    0.02   0.07        0.02         0.13
10.0%             0.14     0.15     0.14     0.12     0.22     0.18   0.08    0.03   0.09        0.03         0.33
25.0%             0.23     0.26     0.25     0.14     0.45     0.26   0.11    0.06   0.14        0.06         1.82
50.0%             3.31     5.21     3.55     5.36     6.99     4.97   2.17    0.33   4.52        0.22       421.97
75.0%           162.26    19.35    10.58   304.87    33.61    13.14  10.34    4.22  89.72        1.38       900.02
90.0%           900.02   144.46    61.15   900.03   234.70    35.86  39.69   38.10 579.76        3.12       901.81
max             903.27   901.81   900.00   900.73   900.00   100.75 923.24  923.01 923.10        7.96       923.24
Data: stat_Efficiencydata005.txt

Relative to virt. best :
             SHOTcq0  SHOTcq1  SHOTcq2  SHOThq0  SHOThq1  SHOThq2  baron  gurobi    scip  virt. worst
count          21.00    21.00    21.00    21.00    21.00    21.00  21.00   21.00   21.00        21.00
arith. mean   572.10   145.72   973.73   406.02  2445.03    31.14  42.95   34.48  309.42      4067.62
arith. std.  1411.32   321.09  4260.85   935.47 10897.17    66.96 110.39  103.17  908.63     11373.09
min             1.00     1.56     1.00     1.67     1.00     1.19   1.00    1.00    1.00         2.94
10.0%           1.00     1.64     1.25     1.80     2.24     2.43   1.01    1.00    1.64         4.22
25.0%           2.12     3.11     1.89     2.10     3.18     3.58   1.43    1.00    1.85        12.00
50.0%          10.54     5.71     4.20     7.91     6.58     5.16   2.94    1.00    3.45       430.59
75.0%         266.14    20.11     7.65   353.78    64.23    13.06  12.00    2.17  296.21      1123.05
90.0%         905.80   678.41   277.95  1121.71   369.60    69.34  91.87   11.52  453.14      5325.96
max          5325.96  1123.05 19565.29  4091.03 50000.19   290.04 430.59  387.16 4181.83     50000.19
better          0.00     0.00     0.00     0.00     0.00     0.00   0.00    0.00    0.00         0.00
close           7.00     2.00     5.00     4.00     2.00     2.00  10.00   13.00    6.00         1.00
worse          14.00    19.00    16.00    17.00    19.00    19.00  11.00    8.00   15.00        20.00
Data: stat_Efficiencyratio005_virt.best.txt

Category: Efficiency
Attribute: SolverTime
Filter: within 0.102% of known optimal value and no fail for all solvers
               SHOTcq0  SHOTcq1  SHOTcq2  SHOThq0  SHOThq1  SHOThq2  baron  gurobi  scip  virt. best  virt. worst
count             7.00     7.00     7.00     7.00     7.00     7.00   7.00    7.00  7.00        7.00         7.00
arith. mean      95.51     0.38   128.78    66.99     0.41     0.29   0.38    0.26  0.21        0.14       224.14
arith. std.     252.27     0.48   340.08   176.89     0.55     0.26   0.79    0.59  0.33        0.26       388.17
geom. mean        0.51     0.24     0.61     0.41     0.25     0.23   0.13    0.07  0.12        0.06         2.47
geom. std.       18.86     2.31    21.02    17.96     2.44     1.82   3.26    3.82  2.45        2.94        38.61
sh.geom. mean     8.52     0.37     9.44     7.57     0.40     0.29   0.36    0.25  0.21        0.14        25.45
sh.geom. std.     4.35     1.04     4.81     3.85     1.05     1.02   1.07    1.05  1.03        1.02         7.11
min               0.10     0.12     0.08     0.09     0.07     0.11   0.05    0.02  0.05        0.02         0.13
10.0%             0.12     0.13     0.11     0.09     0.13     0.15   0.06    0.03  0.07        0.03         0.18
25.0%             0.14     0.13     0.13     0.11     0.19     0.19   0.07    0.04  0.07        0.04         0.22
50.0%             0.17     0.17     0.15     0.13     0.22     0.20   0.10    0.04  0.09        0.04         0.33
75.0%             0.21     0.32     0.48     0.17     0.28     0.24   0.11    0.05  0.12        0.05       334.02
90.0%           267.18     0.84   360.44   187.38     0.86     0.51   0.94    0.67  0.46        0.33       760.56
max             667.60     1.42   900.00   468.14     1.65     0.88   2.17    1.60  0.95        0.74       900.00
Data: stat_Efficiencydata006.txt

Relative to virt. best :
             SHOTcq0  SHOTcq1  SHOTcq2  SHOThq0  SHOThq1  SHOThq2  baron  gurobi  scip  virt. worst
count           7.00     7.00     7.00     7.00     7.00     7.00   7.00    7.00  7.00         7.00
arith. mean   133.48     5.71  2798.27    93.79     5.48     4.90   2.52    1.17  2.17      2930.70
arith. std.   340.57     6.43  7393.56   238.73     3.97     3.26   1.31    0.44  0.91      7342.78
min             2.12     1.93     1.00     2.04     1.48     1.19   1.11    1.00  1.18         2.94
10.0%           2.43     2.34     1.53     2.08     1.94     1.94   1.24    1.00  1.24         3.66
25.0%           2.87     2.77     2.24     2.24     3.03     2.88   1.58    1.00  1.46         4.40
50.0%           4.10     3.11     2.77     4.37     4.14     4.17   2.61    1.00  1.85        11.95
75.0%           8.31     4.62     7.16     5.24     7.36     6.85   2.90    1.00  2.88       462.96
90.0%         368.65    10.93  7830.71   257.31    10.82     9.39   3.77    1.47  3.27      8369.60
max           905.80    20.11 19565.29   635.18    11.95     9.50   5.00    2.17  3.45     19565.29
better          0.00     0.00     0.00     0.00     0.00     0.00   0.00    0.00  0.00         0.00
close           3.00     2.00     4.00     4.00     1.00     1.00   6.00    6.00  6.00         1.00
worse           4.00     5.00     3.00     3.00     6.00     6.00   1.00    1.00  1.00         6.00
Data: stat_Efficiencyratio006_virt.best.txt

Category: Efficiency
Attribute: SolverTime
Filter: within 1% of known optimal value and no fail for all solvers
               SHOTcq0  SHOTcq1  SHOTcq2  SHOThq0  SHOThq1  SHOThq2  baron  gurobi  scip  virt. best  virt. worst
count             8.00     8.00     8.00     8.00     8.00     8.00   8.00    8.00  8.00        8.00         8.00
arith. mean      84.55    54.18   113.13   171.12    29.70     1.74   0.64    0.31  3.95        0.20       308.62
arith. std.     235.60   152.18   317.95   336.99    82.83     4.12   1.03    0.56 10.59        0.30       431.57
geom. mean        0.72     0.61     0.76     1.06     0.60     0.38   0.19    0.09  0.23        0.08         5.16
geom. std.       18.02    13.44    18.33    41.00    11.11     4.13   4.35    4.31  7.52        3.60        51.17
sh.geom. mean     8.43     6.57     8.59    18.78     5.43     1.31   0.60    0.30  2.11        0.20        43.19
sh.geom. std.     3.95     3.46     4.37     6.14     2.84     1.29   1.09    1.05  1.57        1.03         8.37
min               0.10     0.12     0.08     0.09     0.07     0.11   0.05    0.02  0.05        0.02         0.13
10.0%             0.13     0.13     0.11     0.10     0.14     0.16   0.06    0.03  0.07        0.03         0.19
25.0%             0.14     0.13     0.14     0.11     0.20     0.19   0.07    0.04  0.08        0.04         0.22
50.0%             0.18     0.19     0.18     0.14     0.22     0.20   0.11    0.05  0.09        0.05         0.39
75.0%             2.13     0.69     1.45   117.18     0.66     0.42   0.63    0.20  0.34        0.20       725.70
90.0%           205.76   130.23   272.53   597.71    71.57     4.19   2.26    0.92  9.70        0.67       900.01
max             667.60   430.79   900.00   900.02   234.70    11.92   2.46    1.60 30.14        0.74       900.02
Data: stat_Efficiencydata007.txt

Relative to virt. best :
             SHOTcq0  SHOTcq1  SHOTcq2  SHOThq0  SHOThq1  SHOThq2  baron  gurobi  scip  virt. worst
count           8.00     8.00     8.00     8.00     8.00     8.00   8.00    8.00  8.00         8.00
arith. mean   118.34    89.79  2449.19   259.24    50.99     6.64   2.69    1.15  7.83      2741.53
arith. std.   318.21   237.91  6915.95   517.52   128.79     5.76   1.31    0.41 16.04      6819.12
min             2.12     1.93     1.00     2.04     1.48     1.19   1.11    1.00  1.18         2.94
10.0%           2.48     2.41     1.62     2.08     2.01     2.06   1.27    1.00  1.25         3.78
25.0%           2.98     2.85     2.42     2.32     3.42     3.10   1.70    1.00  1.55         4.53
50.0%           5.09     3.77     4.23     4.72     4.40     4.28   2.73    1.00  2.23        16.03
75.0%          10.99     8.63     6.92   162.84    10.53     9.36   3.18    1.00  3.22      1033.69
90.0%         280.38   217.60  5874.94   869.83   119.24    12.28   4.21    1.35 16.66      6861.74
max           905.80   678.41 19565.29  1417.36   369.60    18.77   5.00    2.17 47.46     19565.29
better          0.00     0.00     0.00     0.00     0.00     0.00   0.00    0.00  0.00         0.00
close           3.00     2.00     4.00     4.00     1.00     1.00   6.00    7.00  6.00         1.00
worse           5.00     6.00     4.00     4.00     7.00     7.00   2.00    1.00  2.00         7.00
Data: stat_Efficiencyratio007_virt.best.txt

Category: Efficiency
Attribute: SolverTime
Filter: within 10% of known optimal value and no fail for all solvers
               SHOTcq0  SHOTcq1  SHOTcq2  SHOThq0  SHOThq1  SHOThq2  baron  gurobi   scip  virt. best  virt. worst
count             9.00     9.00     9.00     9.00     9.00     9.00   9.00    9.00   9.00        9.00         9.00
arith. mean     175.18    48.52   100.82   204.33    26.97     2.05   0.66    0.28 105.73        0.19       376.55
arith. std.     349.99   143.36   299.70   330.59    77.91     3.96   0.97    0.53 305.51        0.28       452.22
geom. mean        1.60     0.74     0.86     2.09     0.76     0.50   0.22    0.09   0.59        0.08         9.18
geom. std.       34.05    12.24    15.86    54.08    10.69     4.69   4.30    3.97  25.08        3.34        57.51
sh.geom. mean    18.42     6.16     7.76    29.34     5.41     1.62   0.63    0.27   9.62        0.18        63.10
sh.geom. std.     5.95     3.23     4.04     6.87     2.68     1.28   1.09    1.05   4.18        1.03         8.99
min               0.10     0.12     0.08     0.09     0.07     0.11   0.05    0.02   0.05        0.02         0.13
10.0%             0.13     0.13     0.12     0.10     0.15     0.17   0.06    0.03   0.07        0.03         0.19
25.0%             0.14     0.13     0.14     0.12     0.21     0.19   0.08    0.04   0.08        0.04         0.23
50.0%             0.18     0.20     0.21     0.14     0.23     0.20   0.11    0.05   0.09        0.05         0.44
75.0%             7.83     1.42     2.30   468.14     1.65     0.88   0.82    0.08   0.95        0.08       900.00
90.0%           714.12    88.74   182.89   555.99    51.09     5.98   2.23    0.83 208.11        0.66       904.02
max             900.22   430.79   900.00   900.02   234.70    11.92   2.46    1.60 920.00        0.74       920.00
Data: stat_Efficiencydata008.txt

Relative to virt. best :
             SHOTcq0  SHOTcq1  SHOTcq2  SHOThq0  SHOThq1  SHOThq2  baron  gurobi     scip  virt. worst
count           9.00     9.00     9.00     9.00     9.00     9.00   9.00    9.00     9.00         9.00
arith. mean  1371.33    84.36  2180.30   891.45    52.62    12.22   3.55    1.13  1300.91      3730.87
arith. std.  3770.73   223.14  6519.38  1957.45   120.57    17.59   2.84    0.39  3879.28      7035.41
min             2.12     1.93     1.00     2.04     1.48     1.19   1.11    1.00     1.18         2.94
10.0%           2.53     2.47     1.71     2.09     2.09     2.18   1.29    1.00     1.26         3.90
25.0%           3.10     2.94     2.60     2.39     3.81     3.33   1.82    1.00     1.64         4.66
50.0%           6.07     4.43     5.68     5.08     4.66     4.39   2.86    1.00     2.62        20.11
75.0%          12.33    20.11     7.65   635.18    11.95     9.50   3.87    1.00     3.45      1417.36
90.0%        3003.69   168.41  3936.34  2323.72   126.46    26.40   6.08    1.23  2367.09     13229.53
max         11395.24   678.41 19565.29  5949.16   369.60    56.89  10.38    2.17 11645.59     19565.29
better          0.00     0.00     0.00     0.00     0.00     0.00   0.00    0.00     0.00         0.00
close           3.00     2.00     4.00     4.00     1.00     1.00   6.00    8.00     6.00         1.00
worse           6.00     7.00     5.00     5.00     8.00     8.00   3.00    1.00     3.00         8.00
Data: stat_Efficiencyratio008_virt.best.txt

Category: Efficiency
Attribute: SolverTime
Filter: no fail
Relative performance profile: stat_Efficiencyprofilerel009.txt
Absolute performance profile: stat_Efficiencyprofileabs009.txt

Category: Efficiency
Attribute: SolverTime
Filter: time >= 10.0 by at least one solver and no fail for all solvers
Relative performance profile: stat_Efficiencyprofilerel010.txt
Absolute performance profile: stat_Efficiencyprofileabs010.txt

Category: Efficiency
Attribute: SolverTime
Filter: gap <= 0.102% and not failed
Relative performance profile: stat_Efficiencyprofilerel011.txt
Absolute performance profile: stat_Efficiencyprofileabs011.txt

Category: Efficiency
Attribute: SolverTime
Filter: gap <= 1% and not failed
Relative performance profile: stat_Efficiencyprofilerel012.txt
Absolute performance profile: stat_Efficiencyprofileabs012.txt

Category: Efficiency
Attribute: SolverTime
Filter: gap <= 10% and not failed
Relative performance profile: stat_Efficiencyprofilerel013.txt
Absolute performance profile: stat_Efficiencyprofileabs013.txt

Category: Efficiency
Attribute: SolverTime
Filter: within 0.102% of known optimal value and not failed
Relative performance profile: stat_Efficiencyprofilerel014.txt
Absolute performance profile: stat_Efficiencyprofileabs014.txt

Category: Efficiency
Attribute: SolverTime
Filter: within 1% of known optimal value and not failed
Relative performance profile: stat_Efficiencyprofilerel015.txt
Absolute performance profile: stat_Efficiencyprofileabs015.txt

Category: Efficiency
Attribute: SolverTime
Filter: within 10% of known optimal value and not failed
Relative performance profile: stat_Efficiencyprofilerel016.txt
Absolute performance profile: stat_Efficiencyprofileabs016.txt

Category: Efficiency
Attribute: NumberOfNodes
Filter: no fail by all solver
                 SHOTcq0     SHOTcq1   SHOTcq2   SHOThq0   SHOThq1   SHOThq2    baron     gurobi      scip  virt. best  virt. worst
count              47.00       47.00     47.00     47.00     47.00     47.00    47.00      47.00     47.00       47.00        47.00
arith. mean    206116.09   380231.57  35877.98  20584.62  27654.21  25173.96  3419.66   86210.64   9700.85      877.00    534414.62
arith. std.    681256.59  2410662.86  77623.07  47904.50  85585.06  76475.32  8572.65  292108.36  18457.04     3578.38   2405107.49
geom. mean       1143.44      670.49    356.27    479.43    260.48    185.68    23.69     464.72    625.27        3.87     14910.29
geom. std.        350.10      118.46    118.16     68.78     66.80     75.86    47.02      56.84     33.97       16.79        67.29
sh.geom. mean    7074.56     2803.70   1879.53   1729.31   1125.28    961.72   259.53    1361.52   1541.48       63.36     25453.62
sh.geom. std.      40.53       20.06     17.80     13.98     13.18     13.78     6.96      15.33      8.40        3.51        25.97
min                 1.00        1.00      1.00      1.00      1.00      1.00     1.00       1.00      1.00        1.00         2.00
10.0%               1.00        1.00      1.00      1.00      1.00      1.00     1.00       1.00      1.00        1.00         8.20
25.0%               1.00        1.50      1.00     13.00      4.50      1.50     1.00      44.00    125.50        1.00      2937.50
50.0%           57891.00     3276.00   1837.00   1777.00    723.00    186.00     1.00     480.00   1438.00        1.00     97059.00
75.0%          169483.00    31102.00  27204.00  19371.50   9345.00  12417.00  1236.50    6101.50  12589.00        1.00    308084.50
90.0%          368423.80    98423.20  87191.60  52719.40  46492.40  34230.60 11484.80  156947.00  31877.00      542.00    457123.80
max           4680340.00 16550615.00 337801.00 303548.00 408220.00 415690.00 36451.00 1745138.00 102441.00    22590.00  16550615.00
Data: stat_Efficiencydata017.txt

Relative to virt. best :
              SHOTcq0   SHOTcq1   SHOTcq2   SHOThq0   SHOThq1  SHOThq2    baron     gurobi     scip  virt. worst
count           47.00     47.00     47.00     47.00     47.00    47.00    47.00      47.00    47.00        47.00
arith. mean  71390.47  37120.56  26524.81  10826.02   7620.21  5507.10  1696.69   74818.90  5887.65    152706.75
arith. std. 122182.92 124034.96  66606.19  44871.69  24669.59 14105.86  7213.98  287017.01 11933.12    309082.00
min              1.00      1.00      1.00      1.00      1.00     1.00     1.00       1.00     1.00         2.00
10.0%            1.00      1.00      1.00      1.00      1.00     1.00     1.00       1.00     1.00         8.20
25.0%            1.00      1.00      1.00      3.46      2.00     1.05     1.00       2.00     3.67        63.05
50.0%          331.37     47.00      8.81    105.00     11.12    13.00     1.00     108.00   170.00     10722.12
75.0%       108431.00  13613.50  14621.31   3579.50   3962.00  2141.50    10.00     673.00  4066.50    158367.50
90.0%       238988.60  48184.80  84891.60  17650.40  13972.60 16661.80   863.20   33760.20 24148.00    455955.60
max         499482.00 788124.52 337801.00 303548.00 158206.00 85476.00 36451.00 1745138.00 50189.00   1745138.00
better           0.00      0.00      0.00      0.00      0.00     0.00     0.00       0.00     0.00         0.00
close           18.00     13.00     18.00     10.00     12.00    13.00    26.00       8.00     8.00         0.00
worse           29.00     34.00     29.00     37.00     35.00    34.00    21.00      39.00    39.00        47.00
Data: stat_Efficiencyratio017_virt.best.txt

Category: Efficiency
Attribute: NumberOfNodes
Filter: time >= 10.0 by at least one solver and no fail for all solvers
                 SHOTcq0     SHOTcq1   SHOTcq2   SHOThq0   SHOThq1   SHOThq2    baron     gurobi      scip  virt. best  virt. worst
count              40.00       40.00     40.00     40.00     40.00     40.00    40.00      40.00     40.00       40.00        40.00
arith. mean    242186.12   446771.83  42156.40  24186.40  32493.22  29578.80  4005.18  101285.10  11386.05     1030.30    627924.10
arith. std.    733793.45  2612251.52  82676.23  51160.52  92077.45  82247.10  9182.33  314765.91  19551.09     3865.40   2600495.71
geom. mean       3766.39     1988.09    962.25   1277.45    617.77    408.28    28.91    1066.63   1503.20        4.90     52444.20
geom. std.        255.50       76.48     88.65     44.67     52.08     67.15    57.97      40.99     18.95       20.00        22.65
sh.geom. mean   15014.07     5121.40   3230.36   2926.80   1790.88   1496.08   326.66    2127.77   2452.23       77.70     63758.19
sh.geom. std.      33.71       17.69     16.69     12.73     12.93     14.01     7.69      15.46      7.30        3.83        13.49
min                 1.00        1.00      1.00      1.00      1.00      1.00     1.00       1.00      1.00        1.00         2.00
10.0%               1.00        1.00      1.00      1.00      1.00      1.00     1.00       1.90     54.60        1.00      2001.90
25.0%               1.00      116.75     17.50     80.25      8.00      7.50     1.00     232.50    570.75        1.00     28020.00
50.0%           97844.00     9041.00   3968.50   4647.00   1324.00    868.00     1.00     673.00   2110.50        1.00    134621.50
75.0%          194568.75    37946.00  62491.00  27175.75  10992.50  15074.00  2061.75   10663.50  14898.25        6.00    341154.50
90.0%          410426.60   139048.80  92217.20  57792.20  56598.80  47481.60 15531.30  353886.80  32735.40     1186.50    509016.70
max           4680340.00 16550615.00 337801.00 303548.00 408220.00 415690.00 36451.00 1745138.00 102441.00    22590.00  16550615.00
Data: stat_Efficiencydata018.txt

Relative to virt. best :
              SHOTcq0   SHOTcq1   SHOTcq2   SHOThq0   SHOThq1  SHOThq2    baron     gurobi     scip  virt. worst
count           40.00     40.00     40.00     40.00     40.00    40.00    40.00      40.00    40.00        40.00
arith. mean  83883.53  43616.38  31166.43  12720.04   8953.27  6470.24  1980.69   87899.80  6905.54    179417.36
arith. std. 128582.11 133624.26  71304.23  48478.41  26562.85 15109.62  7798.84  309816.64 12681.41    328276.12
min              1.00      1.00      1.00      1.00      1.00     1.00     1.00       1.00     1.00         2.00
10.0%            1.00      1.00      1.00      1.00      1.00     1.00     1.00       1.05     1.72        24.61
25.0%            1.00      4.51      1.00     16.50      4.70     2.07     1.00       6.99     7.56      1063.11
50.0%          949.57   1883.53     41.96    322.36     44.96    31.98     1.00     300.00   844.00     32588.50
75.0%       137273.50  20554.00  16199.50   4457.00   6960.50  6241.50     8.81     908.50  4903.61    193099.50
90.0%       255627.70  64792.30  85607.90  18279.70  15440.20 19223.30  1515.00   64925.00 31532.00    509016.70
max         499482.00 788124.52 337801.00 303548.00 158206.00 85476.00 36451.00 1745138.00 50189.00   1745138.00
better           0.00      0.00      0.00      0.00      0.00     0.00     0.00       0.00     0.00         0.00
close           12.00      8.00     13.00      5.00      8.00     9.00    24.00       5.00     4.00         0.00
worse           28.00     32.00     27.00     35.00     32.00    31.00    16.00      35.00    36.00        40.00
Data: stat_Efficiencyratio018_virt.best.txt

Category: Efficiency
Attribute: NumberOfNodes
Filter: gap <= 0.102% and no fail for all solvers
                SHOTcq0  SHOTcq1  SHOTcq2  SHOThq0  SHOThq1  SHOThq2    baron   gurobi     scip  virt. best  virt. worst
count             11.00    11.00    11.00    11.00    11.00    11.00    11.00    11.00    11.00       11.00        11.00
arith. mean    19853.82  3001.09   415.09 15596.00   365.91   448.09  3505.09  4102.91  4884.18       25.18     25939.73
arith. std.    42964.23  9270.44  1278.80 34416.74   746.93   858.31 10219.41 10203.72 10745.37       65.11     44920.57
geom. mean        19.92    15.04     7.50    47.67    15.73    24.87    63.05   123.46   133.65        2.33       489.67
geom. std.       134.04    35.36    15.13    56.92    15.11    14.22    32.43    35.03    38.41        6.20        65.16
sh.geom. mean    471.77   173.24    67.04   367.35   105.19   124.74   322.98   503.29   552.14       16.28      1645.37
sh.geom. std.     17.34     5.74     2.95    13.12     3.13     3.36     5.74     6.35     7.07        1.40        16.82
min                1.00     1.00     1.00     1.00     1.00     1.00     1.00     1.00     1.00        1.00         2.00
10.0%              1.00     1.00     1.00     1.00     1.00     2.00     1.00     1.00     1.00        1.00         3.00
25.0%              1.00     1.00     1.00     3.00     3.00     3.50     2.00     5.00     5.00        1.00         6.50
50.0%              1.00     1.00     1.00    15.00     5.00    13.00   147.00   420.00   420.00        1.00       480.00
75.0%          13385.50   496.50    37.00   806.50   361.50   502.00   757.50  1470.00  1494.50        1.00     32588.50
90.0%          52676.00  1081.00   216.00 78369.00   876.00  1200.00  2208.00  6882.00 15427.00       52.00     78369.00
max           138938.00 30926.00  4266.00 91523.00  2403.00  2677.00 34251.00 34251.00 34251.00      216.00    138938.00
Data: stat_Efficiencydata019.txt

Relative to virt. best :
             SHOTcq0  SHOTcq1  SHOTcq2  SHOThq0  SHOThq1  SHOThq2    baron   gurobi     scip  virt. worst
count          11.00    11.00    11.00    11.00    11.00    11.00    11.00    11.00    11.00        11.00
arith. mean  2584.93  2818.93   390.91   326.80    84.81   120.37  3373.99  3442.72  4776.06      6380.03
arith. std.  8028.53  9322.07  1285.24   618.15   262.44   358.37 10261.76 10239.24 10795.06     12998.49
min             1.00     1.00     1.00     1.00     1.00     1.00     1.00     1.00     1.00         2.00
10.0%           1.00     1.00     1.00     1.00     1.00     2.00     1.00     1.00     1.00         3.00
25.0%           1.00     1.00     1.00     3.00     3.00     3.50     2.00     4.54     2.31         6.50
50.0%           1.00     1.00     1.00    15.00     5.00     6.00     8.08    31.86     9.00       480.00
75.0%         322.12    12.10     2.50   220.86    10.06    19.50   313.50   606.00  1344.00      1857.55
90.0%        1013.00    47.00    22.00  1507.10    13.73    51.48  2208.00  2208.00 15427.00     30926.00
max         26770.00 30926.00  4266.00  1595.00   876.00  1200.00 34251.00 34251.00 34251.00     34251.00
better          0.00     0.00     0.00     0.00     0.00     0.00     0.00     0.00     0.00         0.00
close           8.00     6.00     8.00     3.00     2.00     1.00     3.00     3.00     3.00         0.00
worse           3.00     5.00     3.00     8.00     9.00    10.00     8.00     8.00     8.00        11.00
Data: stat_Efficiencyratio019_virt.best.txt

Category: Efficiency
Attribute: NumberOfNodes
Filter: gap <= 0.102% and not failed
Relative performance profile: stat_Efficiencyprofilerel020.txt

Category: Efficiency
Attribute: NumberOfIterations
Filter: no fail by all solver
             SHOTcq0  SHOTcq1   SHOTcq2  SHOThq0   SHOThq1  SHOThq2     baron      gurobi       scip  virt. best  virt. worst
count          47.00    47.00     47.00    47.00     47.00    47.00     44.00       47.00      47.00       47.00        44.00
arith. mean   244.89    25.94   2942.60   146.70   3399.00    42.70  13407.91   610601.51  563440.36       11.79    862100.55
arith. std.   876.71    16.81  19959.86   133.83  23072.87    30.93  33211.11  2107956.96 1304092.44       15.07   2264669.70
geom. mean     66.80    20.87     30.10    76.31     32.69    32.88     32.00     5722.30   19018.87        3.72     31703.70
geom. std.      4.56     2.00      4.19     4.08      4.09     2.15     96.38       56.77      43.12        4.94        31.50
min             1.00     3.00      3.00     1.00      5.00     3.00      1.00        1.00       3.00        1.00        20.00
10.0%           9.60     9.00      9.60    10.60     11.60    11.60      1.00        8.60      68.00        1.00       127.20
25.0%          22.50    13.50     15.50    30.00     18.00    22.50      1.00      554.00    1894.50        1.00      5500.50
50.0%          83.00    20.00     28.00   143.00     26.00    34.00      1.00    12129.00   52581.00        1.00     66172.00
75.0%         209.00    34.50     44.50   231.50     44.50    51.50   4603.75    70317.00  334373.00       25.00    275748.50
90.0%         256.00    53.00     62.00   270.40     66.00    91.20  49963.30  1520815.20 1948323.40       35.40   3144704.20
max          6078.00    67.00 136869.00   579.00 158213.00   132.00 142254.00 13134109.00 6547447.00       50.00  13134109.00
Data: stat_Efficiencydata021.txt

Relative to virt. best :
             SHOTcq0  SHOTcq1   SHOTcq2  SHOThq0  SHOThq1  SHOThq2   baron      gurobi       scip  virt. worst
count          47.00    47.00     47.00    47.00    47.00    47.00   44.00       47.00      47.00        44.00
arith. mean    79.85    11.99   2927.92    92.81  1140.94    24.76  445.58   544841.50  414911.82    846525.23
arith. std.   116.93    12.96  19962.05   128.42  7689.81    33.09 1026.95  2092073.58  957309.56   2270273.25
min             1.00     1.00      1.00     1.00     1.00     1.00    1.00        1.00       1.00         5.00
10.0%           1.51     1.00      1.09     1.25     1.00     1.08    1.00        7.20      42.20        67.21
25.0%           3.01     1.35      1.29     4.46     1.34     1.65    1.00       73.21     126.78       260.67
50.0%          12.00     9.00     10.00    12.06    12.00    12.00    1.00     2044.71    2819.04      3777.61
75.0%         128.50    19.00     29.00   191.50    24.50    35.00  160.22    16240.50  248894.50    275748.50
90.0%         238.80    25.40     46.20   257.80    60.40    56.80 2053.08   480759.80 1308320.40   3144704.20
max           467.54    64.00 136869.00   579.00 52737.67   132.00 4034.21 13134109.00 4588300.00  13134109.00
better          0.00     0.00      0.00     0.00     0.00     0.00    0.00        0.00       0.00         0.00
close           3.00    11.00      6.00     4.00     8.00     5.00   27.00        2.00       1.00         0.00
worse          44.00    36.00     41.00    43.00    39.00    42.00   17.00       45.00      46.00        44.00
Data: stat_Efficiencyratio021_virt.best.txt

Category: Efficiency
Attribute: NumberOfIterations
Filter: time >= 10.0 by at least one solver and no fail for all solvers
             SHOTcq0  SHOTcq1   SHOTcq2  SHOThq0   SHOThq1  SHOThq2     baron      gurobi       scip  virt. best  virt. worst
count          40.00    40.00     40.00    40.00     40.00    40.00     37.00       40.00      40.00       40.00        37.00
arith. mean   284.80    28.30   3455.53   169.60   3991.43    47.77  15896.95   717410.93  661987.80       12.95   1025141.59
arith. std.   946.36    16.89  21635.42   132.29  25009.83    30.75  35740.05  2272106.58 1392488.69       15.63   2440133.39
geom. mean     86.96    23.52     36.41   103.03     38.58    38.76     46.47    15286.96   47927.28        4.17     94850.50
geom. std.      4.41     1.90      4.30     3.64      4.29     2.01    116.27       31.49      25.92        5.13        12.22
min             1.00     3.00      3.00     1.00      5.00     3.00      1.00        3.00       3.00        1.00       454.00
10.0%          10.90    12.00     14.00    25.60     17.00    20.50      1.00      423.30     426.00        1.00      5154.00
25.0%          51.00    16.50     24.00    52.50     22.75    26.50      1.00     3861.75    7747.75        1.00     15856.00
50.0%         108.00    22.00     29.50   164.00     29.00    39.00      1.00    15107.50   81372.00        1.00     86543.00
75.0%         213.75    38.75     45.75   234.50     46.50    59.50   7384.00    96596.25  516676.50       25.50    473491.00
90.0%         257.10    56.30     62.50   288.90     70.90    93.80  65971.40  2592272.50 2203644.20       36.30   3413543.40
max          6078.00    67.00 136869.00   579.00 158213.00   132.00 142254.00 13134109.00 6547447.00       50.00  13134109.00
Data: stat_Efficiencydata022.txt

Relative to virt. best :
             SHOTcq0  SHOTcq1   SHOTcq2  SHOThq0  SHOThq1  SHOThq2   baron      gurobi       scip  virt. worst
count          40.00    40.00     40.00    40.00    40.00    40.00   37.00       40.00      40.00        37.00
arith. mean    91.79    12.67   3439.05   107.10  1339.09    27.51  527.88   640185.07  487508.93   1006665.18
arith. std.   122.99    13.79  21638.09   134.28  8335.25    35.14 1102.66  2258261.66 1022074.95   2447582.70
min             1.00     1.00      1.00     1.00     1.00     1.00    1.00        1.00       1.00        22.70
10.0%           1.54     1.00      1.10     1.29     1.00     1.10    1.00       21.77      77.90       252.98
25.0%           2.48     1.36      1.29     4.88     1.28     1.53    1.00      430.92     381.67       654.00
50.0%          15.36    10.50     13.50    19.90    16.50    18.00    1.00     3208.23   32325.50     52581.00
75.0%         206.50    20.00     32.00   230.25    26.25    39.00  273.48    25477.50  377779.00    473491.00
90.0%         247.00    26.30     48.00   259.30    64.50    78.50 2223.06  1022953.30 1826229.10   3413543.40
max           467.54    64.00 136869.00   579.00 52737.67   132.00 4034.21 13134109.00 4588300.00  13134109.00
better          0.00     0.00      0.00     0.00     0.00     0.00    0.00        0.00       0.00         0.00
close           2.00     9.00      5.00     3.00     7.00     4.00   22.00        1.00       1.00         0.00
worse          38.00    31.00     35.00    37.00    33.00    36.00   15.00       39.00      39.00        37.00
Data: stat_Efficiencyratio022_virt.best.txt

Category: Efficiency
Attribute: NumberOfIterations
Filter: gap <= 0.102% and no fail for all solvers
             SHOTcq0  SHOTcq1  SHOTcq2  SHOThq0  SHOThq1  SHOThq2     baron    gurobi      scip  virt. best  virt. worst
count          11.00    11.00    11.00    11.00    11.00    11.00     10.00     11.00     11.00       11.00        10.00
arith. mean    81.09    25.73    27.36    81.55    26.73    29.64  13840.70  14944.73  74980.09       15.64     81940.50
arith. std.   146.26    18.22    20.08   151.06    13.77    17.67  39739.98  37406.62 204176.48       13.97    213839.20
geom. mean     33.14    19.12    20.48    31.69    23.28    24.44     88.74   1100.94   1497.38        6.84      1658.57
geom. std.      3.32     2.32     2.25     3.41     1.73     1.92     66.69     15.27     22.40        4.72        21.64
min             8.00     4.00     5.00     8.00    10.00     9.00      1.00     20.00     20.00        1.00        20.00
10.0%          10.00     7.00     8.00     9.00    11.00    11.00      1.00     24.00     59.00        1.00        68.60
25.0%          13.00     9.00     9.50    11.50    14.00    12.50      1.00    246.00    116.00        1.00       232.00
50.0%          27.00    28.00    28.00    27.00    25.00    27.00    237.00   1736.00   1736.00       20.00      1195.00
75.0%          50.00    34.00    33.50    47.00    36.00    44.50   1973.75   9756.50   6677.50       27.00      6051.25
90.0%         161.00    45.00    62.00   167.00    43.00    49.00  19321.20  13144.00 126756.00       29.00    182092.00
max           502.00    63.00    62.00   516.00    51.00    59.00 126756.00 126756.00 680116.00       36.00    680116.00
Data: stat_Efficiencydata023.txt

Relative to virt. best :
             SHOTcq0  SHOTcq1  SHOTcq2  SHOThq0  SHOThq1  SHOThq2   baron   gurobi      scip  virt. worst
count          11.00    11.00    11.00    11.00    11.00    11.00   10.00    11.00     11.00        10.00
arith. mean     9.13     6.17     8.88    10.91     7.73     8.09  397.26  1569.71  62234.68     68497.06
arith. std.    10.94     9.81    17.98    16.60    10.84    12.23 1100.78  3648.66 204930.63    214903.66
min             1.00     1.00     1.04     1.00     1.00     1.00    1.00     5.00      5.00         5.00
10.0%           1.00     1.00     1.07     1.00     1.07     1.15    1.00    22.70     22.70        20.93
25.0%           1.57     1.04     1.11     1.15     1.25     1.27    1.00    31.00     61.65        66.72
50.0%           6.44     1.67     1.33     6.68     1.59     2.25   13.85    82.12     82.12       120.06
75.0%          11.00     7.50     8.50    11.50    11.50    11.50   77.66   553.62    239.69       558.87
90.0%          17.31    10.00    10.00    17.79    16.00    13.00  598.23  3521.00   3521.00     71180.50
max            38.00    34.00    62.00    58.00    36.00    42.00 3521.00 12129.00 680116.00    680116.00
better          0.00     0.00     0.00     0.00     0.00     0.00    0.00     0.00      0.00         0.00
close           2.00     4.00     3.00     3.00     2.00     1.00    4.00     0.00      0.00         0.00
worse           9.00     7.00     8.00     8.00     9.00    10.00    6.00    11.00     11.00        10.00
Data: stat_Efficiencyratio023_virt.best.txt

Category: Efficiency
Attribute: NumberOfIterations
Filter: gap <= 0.102% and not failed
Relative performance profile: stat_Efficiencyprofilerel024.txt

