                         SHOTcq0   SHOTcq1  SHOTcq2  SHOThq0  SHOThq1  SHOThq2    baron   gurobi    scip  virt. best  virt. worst
CCPOP5_100                125832    170835     1490    19152      142      752   9310.0     9310    9310       142.0     170835.0
CCPOP5_186                250841     42352    90359    18134     8031    15017      1.0   340991   31417         1.0     340991.0
CCPOP5_20                      1         1        1       42        7        8     60.0       60      60         1.0         60.0
CCPOP5_219                158179     40658    84766    19591    10970    11997      1.0  1745138   14432         1.0    1745138.0
CCPOP5_300                143836     12714    72353    15761     8216     9004  14747.0    14724   14722      8216.0     143836.0
CCPOP5_50                 428885      3276     1837    33754       40      407   2224.0     2224    2224        40.0     428885.0
CCPOPwTCRTEaD5_20          52676       946       52    78369      714     2677    420.0      420     420        52.0      78369.0
CCPOPwTCRTEaD5_50         341645     31278     1031    49439    15705    43260   2013.0     2013    2013      1031.0     341645.0
CCPOPwTCaD5_20            182396     73694     6288    59162   408220   415690  23398.0    23398   23398      6288.0     415690.0
CCPOPwTCaD5_300            65523      2586     3543    24983    10474     5400   5367.0     5321    5403      2586.0      65523.0
CCPOPwTCaD5_50            408592     68673    65290    34596   111182   168028  22590.0    23721   23530     22590.0     408592.0
CCPOPwTCaRL5_165               1        47       22       17        6       20   2208.0     2208    2208         1.0       2208.0
CCPOPwTCaRL5_20                1         1        1       11        9       13    480.0      480     480         1.0        480.0
CCPOPwTCaRL5_308               1         6        4       18        5        6    147.0      147     147         1.0        147.0
CCPOPwTCaRL5_50                1         1        1       15        4       19  34251.0    34251   34251         1.0      34251.0
CCPOPwTCaRL5_538               1         1        1        1        1        2      1.0        1       1         1.0          2.0
MPCCPOP12_10                 581       140        1    47844    43798    85476   1438.0     1438    1438         1.0      85476.0
MPCCPOP12_50                   1      4699     4275    10170    11060    18787   4494.0     4478    4497         1.0      18787.0
MPCCPOP_crypto8_1mo_1d         1         1        1        5        1        1      9.0        9       9         1.0          9.0
MPCCPOP_crypto8_1mo_5d         1         1        1        1   158206        1      1.0        1       1         1.0     158206.0
MPCCPOP_crypto8_30d_90m        1         1        1     5027        1        1      1.0        1   19302         1.0      19302.0
RPOPwCaTC5_50                  1        37       38       26       25       63  36451.0    33433   32567         1.0      36451.0
SaCCDPOP5_3_115           499482    264267   337801    12017    13275    15245      1.0      603   10746         1.0     499482.0
SaCCDPOP5_3_17             26770     30926     4266     1595      876     1200      1.0      732   15427         1.0      30926.0
SaCCDPOP5_3_326           312621     13128    85080      221      723      186      1.0      567     990         1.0     312621.0
SaCCDPOP5_3_61            426938    228444   278459     2911     5372     4323      1.0      619   37498         1.0     426938.0
alan                           1         1        1        1        3        3      3.0        1       1         1.0          3.0
ball_mk4_05               138938      1081      216    91523     2403      984   1035.0     6882     781       216.0     138938.0
ball_mk4_15              4680340  16550615   301951    57640   403850   292247     21.0   469949  102441        21.0   16550615.0
color_lab2_4x0            298708     17720    36179    17328        1    24437      1.0   594829     621         1.0     594829.0
color_lab6b_4x20           57891     56934    61558    48199    15019    28211      1.0   730820     104         1.0     730820.0
meanvar-orl400_05_e_8      67214     37042     8427   303548     6758     3083      1.0      727    3636         1.0     303548.0
meanvarx                       1         1        1        1        3        4      1.0        1       1         1.0          4.0
nvs10                          1         1        1        1        1        1      7.0        1       1         1.0          7.0
nvs11                          1         1        1        1        1        1     11.0        2       1         1.0         11.0
nvs12                          5         2        2        1        1        1     16.0        2       5         1.0         16.0
nvs15                          1         4        2        1        1        1      1.0        2       1         1.0          4.0
pedigree_ex485_2               1     10630        1       93        8        1      1.0        1     168         1.0      10630.0
pedigree_ex485            130305     14099   108941     5192        1    12837      1.0      108     856         1.0     130305.0
pedigree_sim2000               1      3123     3667        1     1097      486      1.0      261     170         1.0       3667.0
pedigree_sim400           231087    135517    68927     4267    50534    23150      1.0      421   50189         1.0     231087.0
pedigree_sp_top4_250      118233      7452     7140      549     1326        1      1.0      345    1282         1.0     118233.0
pedigree_sp_top4_300      158529     12699    15523        1     2552        1      1.0      107     832         1.0     158529.0
pedigree_sp_top4_350tr    180437     29056    18229     4248     7568        1      1.0      412    1551         1.0     180437.0
pedigree_sp_top5_200       98629      2564     3671      105      228        1      1.0      374    1822         1.0      98629.0
pedigree_sp_top5_250       97059      3628    14864      138     1322       22      1.0      339    4980         1.0      97059.0
watercontamination0202r     5266         1        1     1777        8      120      1.0       28       6         1.0       5266.0
