                           SHOTcq0     SHOTcq1     SHOTcq2     SHOThq0     SHOThq1     SHOThq2    baron   gurobi     scip  virt. best  virt. worst
CCPOP5_20               900.087990    0.264021    0.250182    2.184656    0.469697    0.609635    0.169    0.189    0.304    0.169000   900.087990
CCPOPwTCRTEaD5_20       421.974519   16.459501    2.745202  304.866555    6.990426   35.857835    4.325    4.218    4.517    2.745202   421.974519
CCPOPwTCaRL5_165          3.306763   19.354648    9.898141    5.512104   38.257995   26.353427   39.694   38.105   37.942    3.306763    39.694000
CCPOPwTCaRL5_20           0.396065    0.651357    0.570827    1.443652    1.260765    1.817749    1.236    1.222    1.349    0.396065     1.817749
CCPOPwTCaRL5_308         10.102313   12.999144    9.931188   14.563488   33.610566   15.998467    8.051    7.965    7.997    7.965000    33.610566
CCPOPwTCaRL5_50           1.384904    5.212195    3.546844    2.499637   10.139778    8.890835  596.327  536.185  579.764    1.384904   596.327000
CCPOPwTCaRL5_538         68.905745   14.769468   10.578563   70.049159   12.716629   13.136948   18.190    0.198   89.721    0.198000    89.721000
MPCCPOP_crypto8_1mo_1d    1.199464    0.336936    0.339004    0.673223    0.453784    0.262593    0.099    0.069    0.230    0.069000     1.199464
SaCCDPOP5_3_17           45.244184  144.455695   50.187564   16.712546   11.268762   11.787975    0.170    0.328  103.451    0.170000   144.455695
alan                      0.144822    0.171099    0.142804    0.131405    0.227521    0.182991    0.100    0.055    0.144    0.055000     0.227521
ball_mk4_05             667.598542    1.424508    0.737022  468.144221    1.652037    0.879572    2.170    1.600    0.946    0.737022   667.598542
meanvar-orl400_05_e_8   162.257702  901.806003  160.924347  900.734880  435.054160  100.754753   14.670    0.803  353.478    0.803000   901.806003
meanvarx                  0.169965    0.134393    0.214289    0.142158    0.334477    0.266099    0.080    0.028    0.088    0.028000     0.334477
nvs11                     0.142694    0.203835  900.003450    0.096595    0.175266    0.201868    0.120    0.046    0.085    0.046000   900.003450
nvs12                     0.231881    0.442528    0.146860    0.118645    0.221365    0.204813    0.110    0.022    0.076    0.022000     0.442528
pedigree_ex485_2          7.832362  430.791977    3.606103  900.021059  234.696312   11.921735    2.460    0.635   30.140    0.635000   900.021059
