Absolute performance profile for SolverTime
Filter: time >= 10.0 by at least one solver and no fail for all solvers
            SHOTcq0  SHOTcq1  SHOTcq2  SHOThq0  SHOThq1  SHOThq2  baron  scip  virt. best  virt. worst
0.082000          0        0        0        0        0        0      0     1           1            0
0.713098          0        0        0        4        0        0      1     2           6            0
1.344196          0        1        2        4        1        1      3     3           8            0
1.975295          1        2        2        5        3        1      3     3           9            0
2.606393          1        2        4        5        3        2      6     3          11            0
3.237491          1        2        5        6        3        2      6     3          11            0
3.868589          3        3        7        6        3        2      6     3          13            0
4.499687          3        3        7        6        3        3      7     4          13            0
5.130786          3        3        7        6        4        3      7     4          13            0
5.761884          3        4        7        6        4        4      7     4          13            0
6.392982          3        4        8        8        4        5      7     4          14            0
7.024080          3        4        8        8        5        5      7     4          14            0
7.655178          3        4        8        8        6        5      8     4          15            0
8.286277          3        4        8        9        6        5      8     5          15            0
8.917375          3        4        9        9        6        5      8     5          15            0
9.548473          3        4        9        9        6        6      8     5          15            0
10.179571         4        4       11        9        7        6      8     5          15            0
10.810669         4        4       11        9        7        8     10     6          16            0
11.441768         4        4       11        9        8        9     10     6          16            0
12.072866         4        4       12       10        8        9     10     6          16            0
12.703964         4        4       12       10        8        9     10     6          16            0
13.335062         4        4       12       10        8        9     11     6          16            0
13.966160         4        5       12       10        8        9     11     6          16            0
14.597259         4        5       12       11        8        9     11     6          16            0
15.228357         4        5       12       11        8        9     11     6          16            0
15.859455         4        5       12       11        9       10     11     6          16            0
16.490553         4        6       12       11        9       10     11     6          16            0
17.121651         4        6       12       11        9       10     11     6          16            0
17.752749         4        6       12       11        9       11     11     6          16            0
18.383848         4        6       12       11        9       11     11     6          16            0
19.014946         4        8       12       11        9       11     11     6          16            0
19.646044         4        8       12       11        9       11     11     6          16            0
20.277142         4        8       12       11        9       11     11     6          16            0
20.908240         4        8       12       11        9       11     11     6          16            0
21.539339         4        8       12       11        9       11     11     6          16            0
22.170437         4        8       12       11        9       11     11     6          16            0
22.801535         4        8       13       11        9       11     11     6          16            0
23.432633         4        8       13       11        9       11     11     6          16            0
24.063731         4        9       13       11        9       11     11     6          16            0
24.694830         4        9       13       11        9       11     11     6          16            0
25.325928         4        9       13       11       10       12     11     6          16            0
25.957026         4        9       13       11       10       12     11     6          16            0
26.588124         4        9       13       11       10       12     11     6          16            0
27.219222         4        9       13       11       10       12     11     6          16            0
27.850321         4        9       13       11       10       12     11     6          16            0
28.481419         4        9       13       11       10       12     11     6          16            0
29.112517         4        9       13       11       10       12     11     6          16            0
29.743615         4        9       13       11       10       12     11     6          16            0
30.374713         4        9       13       11       10       12     11     8          17            0
31.005812         4        9       13       11       10       12     12     8          18            0
31.636910         5        9       13       11       10       12     12     8          18            0
32.268008         5        9       13       11       10       12     12     8          18            0
32.899106         5        9       13       11       10       13     12     8          19            0
33.530204         5        9       13       11       10       13     12     8          19            0
34.161303         5        9       13       11       10       13     12     8          19            0
34.792401         5        9       13       11       10       13     12     8          19            0
35.423499         5        9       13       11       10       13     12     8          19            0
36.054597         5        9       13       11       10       13     12     8          19            0
36.685695         5        9       13       11       10       13     12     8          19            0
37.316794         5        9       13       11       10       13     13     9          19            0
37.947892         5        9       13       11       10       13     13     9          19            0
38.578990         5        9       13       11       11       13     13     9          19            1
39.210088         5        9       13       11       12       13     14     9          19            2
39.841186         5        9       13       11       12       13     14     9          19            2
40.472285         5        9       13       11       12       13     14     9          19            2
41.103383         5        9       13       11       12       13     14     9          19            2
41.734481         5        9       13       11       12       13     14     9          19            2
42.365579         5        9       13       11       12       13     14     9          19            2
42.996677         5        9       13       11       12       13     14     9          19            2
43.627776         5        9       13       11       12       13     14     9          19            2
44.258874         5        9       13       11       12       13     14     9          19            2
44.889972         5        9       13       11       12       13     14    10          19            2
45.521070         5        9       13       11       12       14     14    10          19            2
46.152168         5        9       13       11       12       14     14    10          19            2
46.783267         5        9       13       11       12       14     14    10          19            2
47.414365         5        9       13       11       12       14     14    10          19            2
48.045463         5        9       13       11       12       14     14    10          19            2
48.676561         5        9       13       11       12       14     14    10          19            2
49.307659         5        9       13       11       12       14     14    10          19            2
49.938758         5        9       14       11       12       15     14    10          20            2
50.569856         5        9       14       11       12       15     14    10          20            2
51.200954         5        9       14       11       12       15     14    10          20            2
51.832052         5        9       14       11       12       15     14    10          20            2
52.463150         5        9       14       11       12       16     14    10          21            2
53.094248         5        9       14       11       12       16     14    10          21            2
53.725347         5        9       14       11       12       16     14    10          21            2
54.356445         5        9       14       11       12       16     14    10          21            2
54.987543         5        9       14       11       12       17     14    10          21            2
55.618641         5        9       14       11       12       17     14    10          21            2
56.249739         5        9       14       11       12       17     14    10          21            2
56.880838         5        9       14       11       12       17     14    10          21            2
57.511936         5        9       14       11       12       17     14    10          21            2
58.143034         5        9       14       11       12       17     14    10          21            2
58.774132         5        9       14       11       12       17     14    10          21            2
59.405230         5        9       14       11       12       17     14    10          21            2
60.036329         5        9       14       11       12       17     14    10          21            2
60.667427         5        9       14       11       12       17     15    10          21            2
61.298525         5        9       14       11       12       17     15    10          21            2
61.929623         5        9       14       11       12       17     15    10          21            2
62.560721         5        9       14       11       12       17     15    10          21            2
63.191820         5        9       14       11       12       17     15    10          21            2
63.822918         6        9       14       11       12       18     15    10          21            2
64.454016         6        9       15       11       12       18     15    10          21            2
65.085114         6        9       15       11       12       18     15    10          21            2
65.716212         6        9       15       11       12       18     15    10          21            2
66.347311         6        9       15       11       12       18     15    10          21            2
66.978409         6        9       15       11       12       18     15    10          21            2
67.609507         6        9       15       11       12       18     15    10          21            2
68.240605         6        9       15       11       12       18     15    10          21            2
68.871703         6        9       15       11       12       18     15    10          21            2
69.502802         6        9       15       11       12       18     15    10          21            2
70.133900         6        9       15       11       12       18     15    10          21            2
70.764998         6        9       15       11       12       18     15    10          21            2
71.396096         6        9       15       11       12       18     15    10          21            2
72.027194         6        9       15       11       12       18     15    10          21            2
72.658293         6        9       15       11       12       18     15    10          21            2
73.289391         6        9       15       11       12       18     15    10          21            2
73.920489         6        9       15       11       12       18     15    10          21            2
74.551587         6       10       15       11       12       18     15    10          21            2
75.182685         6       10       15       11       12       18     15    10          21            2
75.813784         6       10       15       11       12       18     15    10          21            2
76.444882         6       10       15       11       12       18     15    10          21            2
77.075980         6       10       15       11       12       18     15    11          22            2
77.707078         6       10       15       11       12       18     15    11          22            2
78.338176         6       10       15       11       12       18     15    11          22            2
78.969275         6       10       15       11       12       18     15    11          22            2
79.600373         6       10       15       11       12       18     15    11          22            2
80.231471         6       10       15       11       12       18     15    11          22            2
80.862569         6       10       15       11       12       18     15    11          22            2
81.493667         6       10       16       11       12       18     15    11          22            2
82.124766         6       10       16       11       12       18     15    11          22            2
82.755864         6       10       16       11       12       18     15    11          22            2
83.386962         6       10       16       11       12       18     15    11          22            2
84.018060         6       10       16       11       12       18     15    11          22            2
84.649158         6       11       16       11       12       18     15    11          22            2
85.280257         6       11       16       11       12       18     15    11          22            2
85.911355         6       11       16       11       12       18     15    11          22            2
86.542453         6       11       16       11       12       18     15    11          22            2
87.173551         6       11       16       11       12       18     15    11          22            2
87.804649         6       11       16       11       12       18     15    11          22            2
88.435747         6       11       16       11       12       18     15    11          22            2
89.066846         6       11       16       11       12       18     15    11          22            2
89.697944         6       11       16       11       12       18     16    11          22            2
90.329042         6       11       16       11       12       18     16    11          22            2
90.960140         6       11       16       11       12       18     16    11          22            2
91.591238         6       11       16       11       12       18     16    11          22            2
92.222337         6       11       16       11       12       18     16    11          22            2
92.853435         6       11       16       11       12       18     16    11          22            2
93.484533         6       11       16       11       12       18     16    11          22            2
94.115631         6       11       16       11       12       18     16    11          22            2
94.746729         6       11       16       11       12       18     16    11          22            2
95.377828         6       11       16       11       12       18     16    11          22            2
96.008926         6       11       16       11       12       18     16    11          22            2
96.640024         6       11       16       11       12       18     16    11          22            2
97.271122         6       11       16       11       12       18     16    11          22            2
97.902220         6       11       16       11       12       18     16    11          22            2
98.533319         6       11       16       11       12       18     16    11          22            2
99.164417         6       11       16       11       12       18     16    11          22            2
99.795515         6       11       16       11       12       18     16    11          22            2
100.426613        6       11       16       11       12       18     16    11          22            2
101.057711        6       11       16       11       12       18     16    11          22            2
101.688810        6       11       16       11       12       18     17    11          22            2
102.319908        6       11       16       11       12       18     17    11          22            2
102.951006        6       11       16       11       12       18     17    12          22            3
103.582104        6       11       16       11       12       18     17    12          22            3
104.213202        6       11       16       11       12       18     17    12          22            3
104.844301        6       11       16       11       12       18     17    12          22            3
105.475399        6       11       16       11       12       18     17    12          22            3
106.106497        6       11       16       11       12       18     17    12          22            3
106.737595        6       11       16       11       12       18     17    12          22            3
107.368693        6       11       16       11       12       18     17    12          22            3
107.999792        6       11       16       11       12       18     17    12          22            3
108.630890        6       11       16       11       12       18     17    12          22            3
109.261988        6       11       17       11       12       18     17    12          22            3
109.893086        6       11       17       11       12       18     17    12          22            3
110.524184        6       11       17       11       12       18     17    12          22            3
111.155283        6       11       17       11       12       18     17    12          22            3
111.786381        6       11       17       11       12       18     17    12          22            3
112.417479        6       11       17       11       12       18     17    12          22            3
113.048577        6       11       17       11       12       18     17    12          22            3
113.679675        6       11       17       11       12       18     17    12          22            3
114.310774        6       11       17       11       12       18     17    12          22            3
114.941872        6       11       17       11       12       18     17    12          22            3
115.572970        6       11       17       11       12       18     17    13          22            3
116.204068        6       11       17       11       12       18     17    13          22            3
116.835166        6       11       17       11       12       18     17    13          22            3
117.466265        6       11       17       11       12       18     17    13          22            3
118.097363        6       11       17       11       12       18     18    13          22            3
118.728461        6       11       17       11       12       18     18    13          22            3
119.359559        6       11       17       11       12       18     18    13          22            3
119.990657        6       11       17       11       12       18     18    13          22            3
120.621756        6       11       17       11       12       18     18    13          22            3
121.252854        6       11       17       11       12       18     18    13          22            3
121.883952        6       11       17       11       12       18     18    13          22            3
122.515050        6       11       17       11       12       18     18    13          22            3
123.146148        6       11       17       11       12       18     18    13          22            3
123.777246        6       11       17       11       12       18     18    13          22            3
124.408345        6       11       17       11       12       18     18    13          22            3
125.039443        6       11       17       11       12       18     18    13          22            3
125.670541        6       11       18       11       12       18     18    13          22            3
126.301639        6       11       18       11       12       18     18    13          22            3
126.932737        6       11       18       11       12       18     19    14          23            3
127.563836        6       11       18       11       12       18     19    14          23            3
128.194934        6       11       18       11       12       18     19    14          23            3
128.826032        6       11       18       11       12       18     19    14          23            3
129.457130        6       11       18       11       12       18     19    14          23            3
130.088228        6       11       18       11       12       18     19    14          23            3
130.719327        6       11       18       11       12       18     19    14          23            3
131.350425        6       11       18       11       12       18     19    14          23            3
131.981523        6       11       18       11       12       18     19    14          23            3
132.612621        6       11       18       11       12       18     19    14          23            3
133.243719        6       11       18       11       12       18     19    14          23            3
133.874818        6       11       18       11       12       18     19    14          23            3
134.505916        6       11       18       11       12       18     19    14          23            3
135.137014        6       11       18       11       12       18     19    14          23            3
135.768112        6       11       18       11       12       18     19    14          23            3
136.399210        6       11       18       11       12       18     19    15          23            3
137.030309        6       11       18       11       12       18     19    15          23            3
137.661407        6       11       18       11       13       18     19    15          23            3
138.292505        6       11       18       11       13       18     19    15          23            3
138.923603        6       11       18       11       13       18     19    15          23            3
139.554701        6       11       18       11       13       18     19    15          23            3
140.185800        6       11       18       11       13       18     19    15          23            3
140.816898        6       11       18       11       13       18     19    15          23            3
141.447996        6       11       18       11       13       18     19    15          23            3
142.079094        6       11       18       11       13       18     19    15          23            3
142.710192        6       11       18       11       13       18     19    15          23            3
143.341291        6       11       18       11       13       18     19    15          23            3
143.972389        6       11       18       11       13       18     19    15          23            3
144.603487        6       11       18       11       13       18     19    15          23            3
145.234585        6       11       18       11       13       18     19    15          23            3
145.865683        6       11       18       11       13       18     19    15          23            3
146.496782        6       11       18       11       13       18     19    15          23            3
147.127880        6       11       18       11       13       18     19    15          23            3
147.758978        6       11       18       11       13       18     19    15          23            3
148.390076        6       11       18       11       13       18     19    15          23            3
149.021174        6       11       18       11       13       18     19    15          23            3
149.652273        6       11       18       11       13       18     19    15          23            3
150.283371        6       11       18       11       13       18     19    15          23            3
150.914469        6       11       18       11       13       18     19    15          23            3
151.545567        6       11       18       11       13       18     19    15          23            3
152.176665        6       11       18       11       13       18     19    15          23            3
152.807764        6       11       18       11       13       18     19    15          23            3
153.438862        6       11       18       11       13       18     19    15          23            3
154.069960        6       11       18       11       13       18     19    15          23            3
154.701058        6       11       18       11       13       18     19    15          23            3
155.332156        6       11       18       11       13       18     19    15          23            3
155.963255        6       11       18       11       13       18     19    15          23            3
156.594353        6       11       18       11       13       18     19    15          23            3
157.225451        6       11       18       11       13       18     19    15          23            3
157.856549        6       11       18       11       13       18     19    15          23            3
158.487647        6       11       18       11       13       18     19    15          23            3
159.118745        6       11       18       11       13       18     19    15          23            3
159.749844        6       11       18       11       13       18     19    15          23            3
160.380942        6       11       18       11       14       18     19    15          23            3
161.012040        6       11       18       11       14       18     19    15          23            3
161.643138        6       11       18       11       14       18     19    15          23            3
162.274236        6       11       18       11       14       18     19    15          23            3
162.905335        6       12       18       11       14       18     19    15          23            3
163.536433        6       12       18       11       14       18     19    15          23            3
164.167531        6       12       18       11       14       18     19    15          23            3
164.798629        6       12       18       11       14       18     19    15          23            3
165.429727        6       12       18       11       14       18     19    15          23            3
166.060826        6       12       18       11       14       18     19    15          23            3
166.691924        6       12       18       11       14       18     19    15          23            3
167.323022        6       12       18       11       14       18     19    15          23            3
167.954120        6       12       18       11       14       18     19    15          23            3
168.585218        6       12       18       11       14       18     19    15          23            3
169.216317        6       12       18       11       14       18     19    15          23            3
169.847415        6       12       18       11       14       18     19    15          23            3
170.478513        6       12       18       11       14       18     19    15          23            3
171.109611        6       12       18       11       14       18     19    15          23            3
171.740709        6       12       18       11       14       18     19    15          23            3
172.371808        6       12       18       11       14       18     19    15          23            3
173.002906        6       12       18       11       14       18     19    15          23            3
173.634004        6       12       18       11       14       18     19    15          23            3
174.265102        6       12       18       11       14       18     19    15          23            3
174.896200        6       12       18       11       14       18     19    15          23            3
175.527299        6       12       18       11       14       18     19    15          23            3
176.158397        6       12       18       11       14       18     19    15          23            3
176.789495        6       12       18       11       14       18     19    15          23            3
177.420593        6       12       18       11       14       18     19    15          23            3
178.051691        6       12       18       11       14       18     19    15          23            3
178.682790        6       12       18       11       14       18     19    15          23            3
179.313888        6       12       18       11       14       18     19    15          23            3
179.944986        6       12       18       11       14       18     19    15          23            3
180.576084        6       12       18       11       14       18     19    15          23            3
181.207182        6       12       18       11       14       18     19    15          23            3
181.838281        6       12       18       11       14       18     19    15          23            3
182.469379        6       12       18       11       14       18     19    15          23            3
183.100477        6       12       18       11       14       18     19    15          23            3
183.731575        6       12       18       11       14       18     19    15          23            3
184.362673        6       12       19       11       14       18     19    15          23            3
184.993772        6       12       19       11       14       18     19    15          23            3
185.624870        6       12       19       11       14       18     19    15          23            3
186.255968        6       12       19       11       14       18     19    15          23            3
186.887066        6       12       19       11       14       18     19    15          23            3
187.518164        6       12       19       11       14       18     19    15          23            3
188.149263        6       12       19       11       14       18     19    15          23            3
188.780361        6       12       19       11       14       18     19    15          23            3
189.411459        6       12       19       11       14       18     19    15          23            3
190.042557        6       12       19       11       14       18     19    15          23            3
190.673655        6       12       19       11       14       18     19    15          23            3
191.304754        6       12       19       11       14       18     19    15          23            3
191.935852        6       12       19       11       14       18     19    15          23            3
192.566950        6       12       19       11       14       18     19    15          23            3
193.198048        6       12       19       11       14       18     19    15          23            3
193.829146        6       12       19       11       14       18     19    15          23            3
194.460244        6       12       19       11       14       18     19    15          23            3
195.091343        6       12       19       11       14       18     19    15          23            3
195.722441        6       12       19       11       14       18     19    15          23            3
196.353539        6       12       19       11       14       18     19    15          23            3
196.984637        6       12       19       11       14       18     19    15          23            3
197.615735        6       12       19       11       14       18     19    15          23            3
198.246834        6       12       19       11       14       18     19    15          23            3
198.877932        6       12       19       11       14       18     19    15          23            3
199.509030        6       12       19       11       14       18     19    15          23            3
200.140128        6       12       19       11       14       18     19    15          23            3
200.771226        6       12       19       11       14       18     19    15          23            3
201.402325        6       12       19       11       14       18     19    15          23            3
202.033423        6       12       19       11       14       18     19    15          23            3
202.664521        6       12       19       11       14       18     19    15          23            3
203.295619        6       12       19       11       14       18     19    15          23            3
203.926717        6       12       19       11       14       18     19    15          23            3
204.557816        6       12       19       11       14       18     19    15          23            3
205.188914        6       12       19       11       14       18     19    15          23            3
205.820012        6       12       19       11       14       18     19    15          23            3
206.451110        6       12       19       11       14       18     19    15          23            3
207.082208        6       12       19       11       14       18     19    15          23            3
207.713307        6       12       19       11       14       18     19    15          23            3
208.344405        6       12       19       11       14       18     19    15          23            3
208.975503        6       12       19       11       14       18     19    15          23            3
209.606601        6       12       19       11       14       18     19    15          23            3
210.237699        6       12       19       11       14       18     19    15          23            3
210.868798        6       12       19       11       14       18     19    15          23            3
211.499896        6       12       19       11       14       18     19    15          23            3
212.130994        6       12       19       11       14       18     19    15          23            3
212.762092        6       12       19       11       14       18     19    15          23            3
213.393190        6       12       19       11       14       18     19    15          23            3
214.024289        6       12       19       11       14       18     19    15          23            3
214.655387        6       12       19       11       14       18     19    15          23            3
215.286485        6       12       19       11       14       18     19    15          23            3
215.917583        6       12       19       11       14       18     19    15          23            3
216.548681        6       12       19       11       14       18     19    15          23            3
217.179780        6       12       19       11       14       18     19    15          23            3
217.810878        6       12       19       11       14       18     19    15          23            3
218.441976        6       12       19       11       14       18     19    15          23            3
219.073074        6       12       19       11       14       18     19    15          23            3
219.704172        6       12       19       11       14       18     19    15          23            3
220.335271        6       12       19       11       14       18     19    15          23            3
220.966369        6       12       19       11       14       18     19    15          23            3
221.597467        6       12       19       11       14       18     19    15          23            3
222.228565        6       12       19       11       14       18     19    15          23            3
222.859663        6       12       19       11       14       18     19    15          23            3
223.490762        6       12       19       11       14       18     19    15          23            3
224.121860        6       12       19       11       14       18     19    15          23            3
224.752958        6       12       19       11       14       18     19    15          23            3
225.384056        6       12       19       11       14       18     19    15          23            3
226.015154        6       12       19       11       14       18     19    15          23            3
226.646253        6       12       19       11       14       18     19    15          23            3
227.277351        6       12       19       11       14       18     19    15          23            3
227.908449        6       12       19       11       14       18     19    15          23            3
228.539547        6       12       19       12       14       18     19    15          23            3
229.170645        6       12       19       12       14       18     19    15          23            3
229.801743        6       12       19       12       14       18     19    15          23            3
230.432842        6       12       19       12       14       18     19    15          23            3
231.063940        6       12       19       12       14       18     19    15          23            3
231.695038        6       12       19       12       14       18     19    15          23            3
232.326136        6       12       19       12       14       18     19    15          23            3
232.957234        6       12       19       12       14       18     19    15          23            3
233.588333        6       12       19       12       14       18     19    15          23            3
234.219431        6       12       19       12       14       18     19    15          23            3
234.850529        6       12       19       12       14       18     19    15          23            3
235.481627        6       12       19       12       14       18     19    15          23            3
236.112725        6       12       19       12       14       18     19    15          23            3
236.743824        6       12       19       12       14       18     19    15          23            3
237.374922        6       12       19       12       14       18     19    15          23            3
238.006020        6       12       19       12       14       18     19    15          23            3
238.637118        6       12       19       12       14       18     19    15          23            3
239.268216        6       12       19       12       14       18     19    15          23            3
239.899315        6       12       19       12       14       18     19    15          23            3
240.530413        6       12       19       12       14       18     19    15          23            3
241.161511        6       12       19       12       14       19     19    15          23            3
241.792609        6       12       19       12       14       19     20    15          23            3
242.423707        6       12       19       12       14       19     20    15          23            3
243.054806        6       12       19       12       14       19     20    15          23            3
243.685904        6       12       19       12       14       19     20    15          23            3
244.317002        6       12       19       12       14       19     20    15          23            3
244.948100        6       12       19       12       14       19     20    15          23            3
245.579198        6       12       19       12       14       19     20    15          23            3
246.210297        6       12       19       12       14       19     20    15          23            3
246.841395        6       12       19       12       14       19     20    15          23            3
247.472493        6       12       19       12       14       19     20    15          23            3
248.103591        6       12       19       12       14       19     20    15          23            3
248.734689        6       12       19       12       14       19     20    15          23            3
249.365788        6       12       19       12       14       19     20    15          23            3
249.996886        6       12       19       12       14       19     20    15          23            3
250.627984        6       12       19       12       14       19     20    15          23            3
251.259082        6       12       19       12       14       19     20    15          23            3
251.890180        6       12       19       12       14       19     20    15          23            3
252.521279        6       12       19       12       14       19     20    15          23            3
253.152377        6       12       19       12       14       19     20    15          23            3
253.783475        6       12       19       12       14       19     20    15          23            3
254.414573        6       12       19       12       14       19     20    15          23            3
255.045671        6       12       19       12       14       19     20    15          23            3
255.676770        6       12       19       12       14       19     20    15          23            3
256.307868        6       12       19       12       14       19     20    15          23            3
256.938966        6       12       19       12       14       19     20    15          23            3
257.570064        6       12       19       12       14       19     20    15          23            3
258.201162        6       12       19       12       14       19     20    15          23            3
258.832261        6       12       19       12       14       19     20    15          23            3
259.463359        6       12       19       12       14       19     20    15          23            3
260.094457        6       12       19       12       14       19     20    15          23            3
260.725555        6       12       19       12       14       19     20    15          23            3
261.356653        6       12       19       12       14       19     20    15          23            3
261.987752        6       12       19       12       14       19     20    15          23            3
262.618850        6       12       19       12       14       19     20    15          23            3
263.249948        6       12       19       12       14       19     20    15          23            3
263.881046        6       12       19       12       14       19     20    15          23            3
264.512144        6       12       19       12       14       19     20    15          23            3
265.143242        6       12       19       12       14       19     20    15          23            3
265.774341        6       12       19       12       14       19     20    15          23            3
266.405439        6       12       19       12       14       19     20    15          23            3
267.036537        6       12       19       12       14       19     20    15          23            3
267.667635        6       12       19       12       14       19     20    15          23            3
268.298733        6       12       19       12       14       19     20    15          23            3
268.929832        6       12       19       12       14       19     20    15          23            3
269.560930        6       12       19       12       14       19     20    15          23            3
270.192028        6       12       19       12       14       19     20    15          23            3
270.823126        6       12       19       12       14       19     20    15          23            3
271.454224        6       12       19       12       14       19     20    15          23            3
272.085323        6       12       19       12       14       19     20    15          23            3
272.716421        6       12       19       12       14       19     20    15          23            3
273.347519        6       12       19       12       14       19     20    15          23            3
273.978617        6       12       19       12       14       19     20    15          23            3
274.609715        6       12       19       12       14       19     20    15          23            3
275.240814        6       12       19       12       14       19     20    15          23            3
275.871912        6       12       19       12       14       19     20    15          23            3
276.503010        6       12       19       12       14       19     20    15          23            3
277.134108        6       12       19       12       14       19     20    15          23            3
277.765206        6       12       19       12       14       19     20    15          23            3
278.396305        6       12       19       12       14       19     20    15          23            3
279.027403        6       12       19       12       14       19     20    15          23            3
279.658501        6       12       19       12       14       19     20    15          23            3
280.289599        6       12       19       12       14       19     20    15          23            3
280.920697        6       12       19       12       14       19     20    15          23            3
281.551796        6       12       19       12       14       19     20    15          23            3
282.182894        6       12       19       12       14       19     20    15          23            3
282.813992        6       12       19       12       14       19     20    15          23            3
283.445090        6       12       19       12       14       19     20    15          23            3
284.076188        6       12       19       12       14       19     20    15          23            3
284.707287        6       12       19       12       14       19     20    15          23            3
285.338385        6       12       19       12       14       19     20    15          23            3
285.969483        6       12       19       12       14       19     20    15          23            3
286.600581        6       12       19       12       14       19     20    15          23            3
287.231679        6       12       19       12       14       19     20    15          23            3
287.862778        6       12       19       12       14       19     20    15          23            3
288.493876        6       12       19       12       14       19     20    15          23            3
289.124974        6       12       19       12       14       19     20    15          23            3
289.756072        6       12       19       12       14       19     20    15          23            3
290.387170        6       12       19       12       14       19     20    15          23            3
291.018269        6       12       19       12       14       19     20    15          23            3
291.649367        6       12       19       12       14       19     20    15          23            3
292.280465        6       12       19       12       14       19     20    15          23            3
292.911563        6       12       19       12       14       19     20    15          23            3
293.542661        6       12       19       12       14       19     20    15          23            3
294.173760        6       12       19       12       14       19     20    15          23            3
294.804858        6       12       19       12       14       19     20    15          23            3
295.435956        6       12       19       12       14       19     20    15          23            3
296.067054        6       12       19       12       14       19     20    15          23            3
296.698152        6       12       19       12       14       19     20    15          23            3
297.329251        6       12       19       12       14       19     20    15          23            3
297.960349        6       12       19       12       14       19     20    15          23            3
298.591447        6       12       19       12       14       19     20    15          23            3
299.222545        6       12       19       12       14       19     20    15          23            3
299.853643        6       12       19       12       14       19     20    15          23            3
300.484741       22       17       22       27       27       27     20    15          27           10
301.115840       23       21       22       27       27       27     20    15          27           10
301.746938       24       23       23       27       27       27     20    15          27           13
302.378036       24       23       23       27       27       27     20    15          27           13
303.009134       24       23       24       27       27       27     20    15          27           13
303.640232       24       23       24       27       27       27     20    15          27           13
304.271331       24       24       24       27       27       27     20    15          27           13
304.902429       25       25       24       27       27       27     20    15          27           15
305.533527       25       25       25       27       27       27     20    15          27           15
306.164625       25       25       25       27       27       27     20    15          27           15
306.795723       25       25       26       27       27       27     20    15          27           15
307.426822       25       25       26       27       27       27     20    15          27           15
308.057920       25       25       26       27       27       27     20    15          27           15
308.689018       25       26       26       27       27       27     20    15          27           15
309.320116       25       26       26       27       27       27     20    15          27           15
309.951214       25       26       27       27       27       27     20    15          27           15
310.582313       25       26       27       27       27       27     24    24          27           22
311.213411       25       26       27       27       27       27     25    25          27           23
311.844509       25       27       27       27       27       27     27    27          27           25
312.475607       25       27       27       27       27       27     27    27          27           25
313.106705       25       27       27       27       27       27     27    27          27           25
313.737804       25       27       27       27       27       27     27    27          27           25
314.368902       25       27       27       27       27       27     27    27          27           25
315.000000       27       27       27       27       27       27     27    27          27           27
