Relative performance profile for SolverTime
Filter: no fail
             SHOTcq0  SHOTcq1  SHOTcq2  SHOThq0  SHOThq1  SHOThq2  baron  scip  virt. best  virt. worst
1.000000           4        0        2       12        0        3     15     5          41            0
1.016578           8        4        7       12        5        7     15     8          41            0
1.033432           8        5        7       12        5        7     16    13          41            1
1.050565           8        5        7       12        5        7     21    14          41            4
1.067981           8        5        7       12        5        7     21    14          41            4
1.085687           8        5        7       12        5        7     21    14          41            4
1.103686           8        5        7       12        6        8     22    14          41            4
1.121983           8        5        7       12        6        8     22    14          41            4
1.140584           8        5        7       12        6        8     22    14          41            4
1.159493           8        5        7       12        6        8     22    14          41            4
1.178716           8        5        7       12        6        8     22    15          41            4
1.198257           8        5        7       12        6        8     22    15          41            4
1.218122           8        5        7       12        6        8     22    15          41            4
1.238317           8        5        7       12        6        8     22    15          41            4
1.258846           9        5        7       12        7        8     22    15          41            4
1.279716           9        5        7       12        7        8     22    15          41            4
1.300932           9        6        7       12        7        8     23    16          41            4
1.322499           9        6        8       12        7        8     24    16          41            4
1.344424          10        6        8       12        7        8     24    16          41            4
1.366713          10        6        9       12        7        8     24    16          41            4
1.389371          10        6        9       13        7        8     24    16          41            4
1.412405          10        6        9       13        7        9     24    16          41            4
1.435820          10        6       10       13        7        9     24    18          41            4
1.459624          10        6       11       13        7       10     24    19          41            4
1.483822          10        6       11       13        7       10     24    19          41            4
1.508422          10        6       11       13        7       11     24    19          41            4
1.533429          10        6       11       13        7       11     24    19          41            4
1.558851          10        6       11       13        7       11     24    19          41            4
1.584694          10        6       11       13        7       11     24    19          41            4
1.610966          10        6       11       13        7       11     24    19          41            4
1.637673          10        6       11       13        7       12     24    19          41            4
1.664823          10        6       11       13        7       12     24    19          41            4
1.692424          10        6       11       13        7       12     24    19          41            4
1.720482          10        6       11       13        7       12     25    19          41            4
1.749004          10        6       12       14        7       12     25    19          41            4
1.778000          10        6       13       14        7       12     25    19          41            4
1.807477          10        6       13       15        7       12     26    19          41            4
1.837442          10        6       13       15        7       12     26    19          41            4
1.867904          11        6       13       15        7       12     27    19          41            4
1.898871          11        7       13       15        7       12     27    19          41            5
1.930351          11        7       13       16        7       12     27    19          41            5
1.962354          11        8       13       16        7       12     27    19          41            5
1.994887          11        9       15       17        7       12     27    19          41            5
2.027959          11        9       16       18        7       13     28    19          41            5
2.061579          12        9       16       19        7       13     28    19          41            5
2.095757          12        9       16       19        7       13     28    19          41            5
2.130501          12        9       16       19        7       13     28    19          41            5
2.165822          12        9       16       19        7       13     28    19          41            5
2.201728          12        9       16       19        8       13     28    19          41            5
2.238229          12        9       17       19        8       13     28    19          41            5
2.275336          12        9       17       20        9       13     28    19          41            5
2.313057          12        9       17       20        9       14     28    19          41            5
2.351404          12        9       17       20        9       14     28    19          41            5
2.390387          12        9       17       20        9       15     28    19          41            5
2.430016          13        9       18       20        9       15     28    19          41            6
2.470302          13        9       19       20       10       15     28    20          41            6
2.511256          13       10       19       20       10       16     28    20          41            7
2.552888          13       11       19       20       10       16     28    20          41            7
2.595211          13       12       19       20       10       16     28    20          41            7
2.638236          13       12       19       20       10       16     28    20          41            7
2.681974          14       12       20       20       10       16     28    20          41            7
2.726437          14       12       20       20       10       16     28    20          41            7
2.771637          14       12       20       20       11       18     28    20          41            8
2.817587          14       12       20       20       11       18     28    20          41            8
2.864298          14       12       20       20       11       18     28    20          41            8
2.911784          14       12       20       20       11       18     28    20          41            8
2.960057          14       12       21       20       11       18     28    20          41            8
3.009130          14       12       21       20       11       18     29    20          41            8
3.059017          14       12       21       20       11       18     29    20          41            8
3.109731          14       12       21       20       11       18     29    20          41            8
3.161285          14       12       21       20       11       18     30    20          41            8
3.213694          14       12       21       20       11       18     30    20          41            8
3.266973          14       12       21       20       11       18     30    20          41            8
3.321134          14       12       21       20       11       18     30    20          41            8
3.376193          14       12       21       20       11       18     30    20          41            8
3.432165          14       12       22       20       11       18     30    20          41            8
3.489066          14       13       22       20       11       18     30    20          41            8
3.546909          14       13       22       20       11       18     30    20          41            8
3.605711          14       13       22       20       11       18     30    20          41            8
3.665488          14       13       23       20       11       18     30    21          41            8
3.726257          14       14       23       20       11       18     30    21          41            8
3.788032          14       14       23       20       11       18     30    21          41            8
3.850832          14       14       23       21       11       18     30    21          41            8
3.914673          15       15       24       22       12       19     30    21          41            9
3.979572          15       15       24       22       12       19     30    21          41            9
4.045548          15       15       25       22       13       19     30    21          41            9
4.112617          15       16       25       22       13       20     30    21          41            9
4.180797          15       17       25       22       13       20     30    21          41            9
4.250109          15       18       25       22       13       20     30    22          41            9
4.320569          15       18       25       22       13       21     31    22          41            9
4.392197          15       18       25       23       13       21     31    22          41            9
4.465013          15       18       25       23       13       21     31    22          41            9
4.539037          15       18       26       23       13       21     31    22          41            9
4.614287          15       18       26       23       13       21     32    22          41            9
4.690785          15       18       26       23       13       21     32    22          41            9
4.768551          15       18       26       24       13       21     32    23          41            9
4.847606          15       18       26       24       13       21     32    23          41            9
4.927972          15       18       26       24       13       21     32    23          41            9
5.009670          15       19       27       24       14       21     32    23          41           10
5.092723          15       19       27       24       14       21     32    23          41           10
5.177152          15       19       27       24       15       21     32    23          41           11
5.262982          15       19       27       24       15       21     33    23          41           11
5.350234          15       19       27       24       15       21     33    23          41           11
5.438933          15       19       27       24       15       21     33    23          41           11
5.529102          15       19       28       24       15       21     33    23          41           11
5.620766          15       20       28       24       15       22     33    23          41           11
5.713950          15       20       28       24       15       22     33    23          41           11
5.808678          16       21       28       25       16       22     33    23          41           11
5.904977          16       21       28       25       16       22     33    23          41           11
6.002873          16       21       28       25       17       22     33    24          41           12
6.102391          17       22       28       26       19       22     33    24          41           12
6.203560          17       23       29       26       19       22     33    24          41           12
6.306405          17       23       29       26       19       22     33    25          41           13
6.410956          17       23       29       26       20       23     33    25          41           13
6.517240          17       23       29       26       20       23     33    25          41           13
6.625285          17       23       29       26       21       23     33    25          41           13
6.735123          17       23       29       26       21       23     33    25          41           13
6.846781          17       23       29       26       21       24     33    25          41           13
6.960290          17       23       29       26       21       24     33    25          41           13
7.075681          17       23       29       26       21       24     33    25          41           13
7.192985          17       23       29       26       21       24     33    25          41           13
7.312233          17       23       29       26       21       24     33    25          41           13
7.433459          17       23       29       26       21       24     33    25          41           13
7.556695          17       23       29       26       22       26     33    26          41           13
7.681973          17       23       29       26       22       26     33    26          41           13
7.809328          17       23       29       26       22       26     33    26          41           13
7.938795          17       23       29       26       22       27     33    26          41           14
8.070408          17       23       29       26       23       27     33    26          41           14
8.204203          17       23       29       26       23       27     33    26          41           14
8.340217          17       23       29       26       23       27     33    26          41           14
8.478485          17       23       29       26       23       27     33    26          41           14
8.619045          17       24       29       26       23       27     33    26          41           14
8.761936          17       24       29       26       23       27     33    26          41           14
8.907195          17       24       29       26       23       27     33    26          41           14
9.054863          18       24       29       26       23       27     33    26          41           15
9.204979          19       24       29       26       23       27     33    26          41           16
9.357583          20       25       29       27       24       27     33    26          41           17
9.512718          20       25       29       27       24       28     33    26          41           17
9.670424          20       25       29       27       24       28     33    26          41           17
9.830745          20       25       29       27       24       28     33    26          41           17
9.993724          21       27       29       29       26       28     33    26          41           18
10.159404         22       27       29       30       26       28     33    26          41           19
10.327832         22       27       29       30       26       28     33    26          41           19
10.499051         22       27       29       30       26       28     33    26          41           19
10.673110         22       27       29       30       26       28     33    26          41           19
10.850053         23       28       30       31       27       29     33    26          41           19
11.029931         23       28       30       31       27       29     34    26          41           19
11.212790         23       28       30       31       27       29     34    27          41           19
11.398681         24       28       30       31       28       29     34    27          41           21
11.587654         25       28       30       31       28       29     34    27          41           22
11.779760         25       28       30       31       28       29     34    27          41           22
11.975050         25       28       30       31       28       29     34    27          41           22
12.173578         25       28       30       31       28       29     34    27          41           22
12.375397         25       28       30       31       28       29     34    28          41           22
12.580563         25       28       30       31       28       29     34    28          41           22
12.789129         25       28       30       31       28       29     34    28          41           22
13.001153         25       28       30       31       28       29     34    28          41           22
13.216693         25       28       30       31       28       29     34    28          41           22
13.435805         25       28       30       31       28       29     34    28          41           22
13.658550         25       29       30       31       28       29     34    28          41           22
13.884988         25       29       30       31       28       29     34    28          41           22
14.115180         25       29       30       31       28       29     34    28          41           22
14.349189         25       29       30       31       29       29     34    28          41           22
14.587076         25       29       31       31       29       29     34    28          41           22
14.828908         25       29       31       31       29       29     34    28          41           22
15.074748         25       29       31       31       29       29     34    28          41           22
15.324665         25       29       31       31       29       29     34    28          41           22
15.578724         25       29       31       31       29       29     34    28          41           22
15.836996         25       29       31       31       29       29     34    28          41           22
16.099549         25       29       31       31       29       29     34    28          41           22
16.366455         25       29       31       31       29       29     34    28          41           22
16.637786         25       29       31       31       29       29     34    28          41           22
16.913615         25       29       31       31       29       29     34    28          41           22
17.194017         25       29       31       31       29       29     34    28          41           22
17.479067         25       29       31       31       30       29     34    28          41           22
17.768844         25       29       31       31       30       29     34    28          41           22
18.063424         25       29       31       31       30       29     34    28          41           22
18.362888         25       29       32       31       30       29     34    28          41           22
18.667317         25       29       32       31       30       29     34    28          41           22
18.976792         25       29       32       31       30       29     34    28          41           22
19.291399         25       29       32       31       30       29     34    28          41           22
19.611220         25       29       32       31       30       29     34    28          41           22
19.936345         25       29       32       31       30       29     34    28          41           22
20.266859         25       29       32       31       30       29     34    28          41           22
20.602852         25       29       32       31       30       29     34    28          41           22
20.944416         25       29       32       31       30       29     34    28          41           22
21.291643         25       29       32       31       30       29     34    28          41           22
21.644626         25       29       32       31       30       29     34    28          41           22
22.003461         25       29       33       31       30       29     34    28          41           22
22.368244         25       29       33       31       30       29     34    28          41           22
22.739076         25       29       33       31       30       29     34    28          41           22
23.116055         25       29       33       31       30       29     34    28          41           22
23.499284         25       29       33       31       30       29     34    28          41           22
23.888866         25       29       33       31       30       29     34    28          41           22
24.284907         25       29       33       31       30       29     34    28          41           22
24.687514         25       29       33       31       31       29     34    28          41           22
25.096795         25       29       33       31       31       29     34    28          41           22
25.512862         25       29       33       31       31       29     34    28          41           22
25.935826         26       29       33       31       31       29     34    28          41           22
26.365802         26       29       33       31       31       30     34    28          41           22
26.802907         26       29       33       31       31       30     34    28          41           22
27.247259         26       29       33       31       31       30     34    28          41           22
27.698976         26       29       33       31       31       30     34    28          41           22
28.158183         26       29       34       31       31       30     34    28          41           22
28.625003         26       29       34       31       31       30     34    28          41           22
29.099562         26       29       34       32       32       31     34    28          41           22
29.581988         26       30       34       32       32       31     34    28          41           22
30.072412         26       30       35       32       32       31     34    29          41           22
30.570967         27       30       35       32       32       31     35    29          41           23
31.077787         27       30       35       32       32       31     35    30          41           23
31.593009         27       30       35       32       32       31     35    30          41           23
32.116773         27       30       35       32       32       31     35    30          41           23
32.649220         27       30       35       32       32       32     35    30          41           23
33.190495         27       30       35       32       32       32     35    30          41           23
33.740743         27       30       35       32       33       32     35    30          41           23
34.300113         27       30       35       32       33       32     35    30          41           23
34.868756         27       30       35       32       33       32     35    30          41           23
35.446827         27       30       35       32       33       32     35    30          41           23
36.034481         27       30       35       32       33       32     35    30          41           23
36.631878         27       30       35       32       33       32     35    30          41           23
37.239179         27       30       35       32       33       32     35    30          41           23
37.856547         27       30       35       32       33       32     35    30          41           23
38.484151         27       30       35       32       33       32     35    30          41           23
39.122160         27       30       35       32       33       32     35    30          41           23
39.770745         27       30       35       32       33       32     35    30          41           23
40.430084         27       30       35       32       33       32     35    30          41           23
41.100353         27       30       35       32       33       32     35    30          41           23
41.781734         27       30       35       32       33       32     35    30          41           23
42.474411         27       30       35       32       33       32     35    30          41           23
43.178572         27       30       35       32       34       32     35    30          41           23
43.894407         27       30       35       32       34       32     35    30          41           23
44.622109         27       30       35       32       34       32     35    30          41           23
45.361876         27       30       35       32       34       32     35    30          41           23
46.113907         27       30       35       32       34       32     35    30          41           23
46.878405         27       30       35       32       34       32     35    30          41           23
47.655577         27       30       35       32       34       32     35    30          41           23
48.445634         28       31       35       32       35       33     35    30          41           23
49.248789         28       31       36       32       35       33     35    30          41           23
50.065259         28       31       36       32       35       33     36    31          41           24
50.895264         28       31       36       32       36       33     36    31          41           24
51.739030         28       31       36       32       36       33     36    31          41           24
52.596784         28       31       36       32       36       33     36    31          41           24
53.468759         28       31       36       32       36       33     36    31          41           24
54.355189         28       31       36       32       36       33     36    31          41           24
55.256315         28       31       36       32       36       33     36    31          41           24
56.172381         28       31       36       32       36       34     36    31          41           24
57.103633         28       31       36       32       36       34     36    31          41           24
58.050324         28       31       36       32       36       34     36    31          41           24
59.012710         28       31       37       32       36       34     36    31          41           24
59.991051         28       31       37       33       36       34     36    31          41           24
60.985611         28       31       37       33       36       35     36    31          41           24
61.996659         28       31       37       33       36       35     36    31          41           24
63.024469         28       31       37       33       36       35     36    31          41           24
64.069319         28       31       37       33       36       35     36    31          41           24
65.131490         28       31       37       33       37       35     36    31          41           24
66.211271         28       31       37       33       37       35     36    31          41           24
67.308953         28       31       37       33       37       35     36    31          41           24
68.424833         28       31       37       33       37       35     36    31          41           24
69.559212         28       31       37       33       37       35     36    31          41           24
70.712398         28       32       37       33       37       35     36    31          41           24
71.884701         28       32       37       33       37       35     36    31          41           24
73.076440         28       32       37       33       37       35     36    31          41           24
74.287936         28       32       37       33       37       36     36    31          41           24
75.519517         28       32       37       33       37       36     36    31          41           24
76.771515         28       32       37       33       37       36     36    31          41           24
78.044270         28       32       37       33       37       36     36    31          41           24
79.338125         28       32       37       33       37       36     36    31          41           24
80.653430         28       32       37       33       37       36     37    32          41           25
81.990541         28       32       37       33       37       36     37    32          41           25
83.349819         28       32       37       33       37       36     37    32          41           25
84.731631         28       32       37       33       37       36     37    32          41           25
86.136353         28       32       37       33       37       36     37    32          41           25
87.564362         28       32       37       33       37       36     37    32          41           25
89.016046         28       32       37       33       37       36     37    32          41           25
90.491796         28       32       37       33       37       36     37    32          41           25
91.992012         28       32       37       33       37       36     37    32          41           25
93.517099         28       32       37       33       37       36     37    32          41           25
95.067470         28       32       37       33       37       36     37    32          41           25
96.643543         28       32       37       33       37       36     37    32          41           25
98.245746         28       33       37       33       37       36     37    32          41           25
99.874510         28       33       37       33       37       37     37    32          41           25
101.530278        28       33       37       33       37       37     37    32          41           25
103.213495        28       33       37       33       37       37     37    32          41           25
104.924617        28       33       37       33       37       37     37    32          41           25
106.664107        28       33       38       33       37       37     37    32          41           25
108.432435        28       33       38       33       37       37     37    32          41           25
110.230080        28       33       38       33       37       37     37    32          41           25
112.057526        28       33       38       33       37       37     37    32          41           25
113.915269        28       33       38       33       37       37     37    32          41           25
115.803810        28       33       39       33       37       37     37    32          41           25
117.723661        28       33       39       33       37       37     37    32          41           25
119.675340        28       33       39       33       37       37     37    32          41           25
121.659374        28       33       39       33       37       37     37    32          41           25
123.676301        28       34       39       34       37       37     38    33          41           26
125.726665        28       34       39       35       38       37     38    33          41           26
127.811022        28       34       39       35       38       37     38    33          41           26
129.929933        28       35       40       35       38       37     38    34          41           26
132.083974        29       35       40       35       38       37     38    34          41           27
134.273724        29       35       40       35       38       37     38    34          41           27
136.499778        29       35       40       35       38       37     38    34          41           27
138.762736        29       35       40       35       38       37     38    34          41           27
141.063210        29       35       40       35       38       37     38    34          41           27
143.401823        29       35       40       35       38       37     38    34          41           27
145.779207        29       35       40       35       38       37     38    34          41           27
148.196004        29       35       40       35       38       37     38    34          41           27
150.652867        29       35       40       35       38       37     38    34          41           27
153.150462        29       35       40       35       38       37     38    34          41           27
155.689463        29       35       40       35       38       37     38    34          41           27
158.270557        30       35       40       35       38       37     38    34          41           27
160.894441        30       35       40       35       38       37     39    34          41           27
163.561826        30       35       40       35       38       37     39    34          41           27
166.273431        30       35       40       35       38       37     39    34          41           27
169.029991        30       35       40       35       38       37     39    34          41           27
171.832250        30       35       40       35       38       37     39    34          41           27
174.680967        30       35       40       35       38       37     39    34          41           27
177.576911        30       35       40       35       39       37     39    34          41           27
180.520865        30       35       40       35       39       37     39    34          41           27
183.513626        30       35       40       35       39       37     39    34          41           27
186.556002        30       35       40       35       39       37     39    34          41           27
189.648816        30       35       40       35       39       37     39    34          41           27
192.792904        30       35       40       35       39       37     39    34          41           27
195.989116        30       35       40       35       39       37     39    34          41           27
199.238316        30       35       40       35       39       37     39    34          41           27
202.541384        30       35       40       35       39       37     39    34          41           27
205.899211        30       35       40       35       39       37     39    34          41           27
209.312706        30       35       40       35       39       37     39    34          41           27
212.782791        30       35       40       35       39       37     39    34          41           27
216.310405        30       35       40       35       39       37     39    34          41           27
219.896502        30       35       40       35       39       37     39    34          41           27
223.542050        30       35       40       35       39       37     40    35          41           28
227.248036        30       35       40       35       39       37     40    35          41           28
231.015462        30       35       40       35       39       37     40    35          41           28
234.845346        30       35       40       35       39       37     40    35          41           28
238.738724        30       35       40       35       39       37     40    35          41           28
242.696648        30       35       40       35       39       37     40    35          41           28
246.720188        30       35       40       35       39       37     40    35          41           28
250.810432        30       35       40       35       39       37     40    35          41           28
254.968487        30       35       40       35       39       37     40    35          41           28
259.195475        30       35       40       35       39       37     40    35          41           28
263.492541        30       35       40       35       39       37     40    35          41           28
267.860845        30       35       40       35       39       37     40    35          41           28
272.301569        30       35       40       35       39       37     40    35          41           28
276.815914        30       35       40       35       39       37     40    35          41           28
281.405099        30       36       40       35       39       37     40    35          41           28
286.070367        30       36       40       35       39       37     40    35          41           28
290.812977        30       36       40       35       39       37     40    35          41           28
295.634212        30       36       40       35       39       37     40    35          41           28
300.535377        30       36       40       35       39       37     40    35          41           28
305.517795        30       36       40       35       39       37     40    35          41           28
310.582814        30       36       40       35       39       37     40    35          41           28
315.731803        30       36       40       35       39       37     40    35          41           28
320.966155        30       36       40       35       39       37     40    35          41           28
326.287284        30       36       40       35       39       37     40    35          41           28
331.696629        30       36       40       35       39       37     40    35          41           28
337.195653        30       36       40       35       39       37     40    35          41           28
342.785843        30       36       40       35       39       37     40    35          41           28
348.468709        30       36       40       35       39       37     40    35          41           28
354.245789        31       37       40       36       40       37     40    35          41           28
360.118644        31       37       40       36       40       37     40    35          41           28
366.088861        31       37       40       36       40       37     40    36          41           28
372.158056        31       38       40       36       40       38     40    36          41           28
378.327869        32       38       40       37       40       38     40    36          41           28
384.599968        32       38       40       37       40       38     40    36          41           28
390.976049        32       38       40       37       40       38     40    37          41           29
397.457835        32       38       40       37       40       38     40    37          41           29
404.047080        32       38       40       37       40       38     40    37          41           29
410.745564        33       38       40       38       40       38     40    37          41           29
417.555099        34       38       40       39       40       38     40    37          41           30
424.477526        34       38       40       39       40       38     40    38          41           30
431.514715        34       38       40       39       40       38     40    38          41           30
438.668571        34       38       40       39       40       38     40    38          41           30
445.941027        34       38       40       39       40       38     40    38          41           30
453.334049        34       38       40       39       40       38     40    38          41           30
460.849636        34       38       40       39       40       38     40    38          41           30
468.489820        34       38       40       39       40       38     40    38          41           30
476.256666        34       38       40       39       40       38     40    38          41           30
484.152275        34       38       40       39       40       38     40    38          41           30
492.178781        34       39       40       39       40       38     40    38          41           30
500.338355        34       39       40       39       40       38     40    38          41           30
508.633201        34       39       40       39       40       38     40    38          41           30
517.065564        34       39       40       39       40       38     40    39          41           31
525.637722        34       39       40       39       40       38     40    39          41           31
534.351994        34       39       40       39       40       38     40    39          41           31
543.210735        34       39       40       39       40       38     40    39          41           31
552.216340        34       39       40       39       40       38     40    39          41           31
561.371244        34       39       40       39       40       38     40    39          41           31
570.677923        34       39       40       39       40       38     40    39          41           31
580.138893        34       39       40       39       40       38     40    39          41           31
589.756711        34       39       40       39       40       38     40    39          41           31
599.533977        34       39       40       39       40       38     40    39          41           31
609.473336        34       39       40       39       40       38     40    39          41           31
619.577474        34       39       40       39       40       38     40    39          41           31
629.849123        34       39       40       39       40       38     40    39          41           31
640.291061        34       39       40       39       40       38     40    39          41           31
650.906110        34       39       40       39       40       38     40    39          41           31
661.697140        34       39       40       39       40       38     40    39          41           31
672.667070        34       39       40       39       40       38     40    40          41           31
683.818863        34       39       40       39       40       38     41    40          41           31
695.155537        34       39       40       39       40       38     41    40          41           31
706.680155        34       39       40       39       40       38     41    40          41           31
718.395834        34       39       40       39       40       38     41    40          41           31
730.305741        34       39       40       39       40       38     41    40          41           31
742.413096        34       39       40       39       40       38     41    40          41           31
754.721173        34       39       40       39       40       38     41    40          41           31
767.233299        34       39       40       39       40       38     41    40          41           31
779.952856        34       39       40       39       40       38     41    40          41           31
792.883285        34       39       40       39       40       38     41    40          41           31
806.028080        34       39       40       39       40       38     41    40          41           31
819.390796        34       39       40       39       40       38     41    40          41           31
832.975046        34       39       40       39       40       38     41    40          41           31
846.784501        34       39       40       39       40       38     41    40          41           31
860.822896        34       39       40       39       40       38     41    40          41           31
875.094027        34       39       40       39       40       38     41    40          41           31
889.601751        34       39       40       39       40       38     41    40          41           31
904.349991        34       39       40       39       40       38     41    40          41           31
919.342734        34       39       40       39       40       38     41    40          41           31
934.584034        34       39       40       39       40       38     41    40          41           31
950.078012        34       39       40       39       40       38     41    40          41           31
965.828856        34       39       40       39       40       38     41    40          41           31
981.840825        34       39       40       39       40       38     41    40          41           31
998.118248        34       39       40       39       40       38     41    40          41           31
1014.665526       34       39       40       39       40       38     41    40          41           31
1031.487133       34       39       40       39       40       38     41    40          41           31
1048.587616       34       39       40       39       40       38     41    40          41           31
1065.971599       34       39       40       39       40       38     41    40          41           31
1083.643782       34       39       40       39       40       38     41    40          41           31
1101.608942       34       39       40       39       40       38     41    40          41           31
1119.871938       34       39       40       39       40       38     41    40          41           31
1138.437707       34       39       40       39       40       38     41    40          41           31
1157.311267       34       39       40       39       40       38     41    40          41           31
1176.497722       34       39       40       39       40       38     41    40          41           31
1196.002260       34       39       40       39       40       38     41    40          41           31
1215.830153       34       39       40       39       40       38     41    40          41           31
1235.986762       34       39       40       39       40       38     41    40          41           31
1256.477537       34       39       40       39       40       38     41    40          41           31
1277.308018       34       39       40       39       40       38     41    40          41           31
1298.483836       34       39       40       39       40       38     41    40          41           31
1320.010717       34       39       40       39       40       38     41    40          41           31
1341.894481       34       39       40       39       40       38     41    40          41           31
1364.141045       34       39       40       39       40       38     41    40          41           31
1386.756422       34       39       40       39       40       38     41    40          41           31
1409.746728       34       39       40       39       40       38     41    40          41           31
1433.118179       34       39       40       39       40       38     41    40          41           31
1456.877092       34       39       40       39       40       38     41    40          41           31
1481.029892       34       39       40       39       40       38     41    40          41           31
1505.583108       34       39       40       39       40       38     41    40          41           31
1530.543379       34       39       40       39       40       38     41    40          41           31
1555.917453       35       39       40       39       40       38     41    40          41           31
1581.712191       35       40       40       39       40       38     41    40          41           32
1607.934566       35       40       40       39       40       38     41    40          41           32
1634.591669       35       40       40       39       40       38     41    40          41           32
1661.690705       35       40       40       39       40       38     41    40          41           32
1689.239002       35       40       40       39       40       38     41    40          41           32
1717.244008       35       40       40       39       40       38     41    40          41           32
1745.713294       36       40       40       39       40       38     41    40          41           33
1774.654557       36       40       40       39       40       38     41    40          41           33
1804.075622       36       40       40       39       40       38     41    40          41           33
1833.984444       36       40       40       39       40       38     41    40          41           33
1864.389108       36       40       40       39       40       38     41    40          41           33
1895.297836       36       40       40       39       40       38     41    40          41           33
1926.718982       36       40       40       39       40       38     41    40          41           33
1958.661044       36       40       40       39       40       38     41    40          41           33
1991.132656       36       40       40       39       40       38     41    40          41           33
2024.142598       36       40       40       39       40       38     41    40          41           33
2057.699795       36       40       40       39       40       38     41    40          41           33
2091.813318       36       40       40       39       40       38     41    40          41           33
2126.492392       36       40       40       39       40       38     41    40          41           33
2161.746392       37       40       40       39       40       38     41    40          41           34
2197.584849       37       40       40       39       40       38     41    40          41           34
2234.017454       37       40       40       39       40       38     41    40          41           34
2271.054055       37       40       40       39       40       38     41    40          41           34
2308.704667       37       40       40       39       40       38     41    40          41           34
2346.979468       37       40       40       39       40       38     41    40          41           34
2385.888807       37       40       40       39       40       38     41    40          41           34
2425.443204       37       40       40       39       40       38     41    40          41           34
2465.653353       37       40       40       39       40       38     41    40          41           34
2506.530124       37       40       40       39       40       38     41    40          41           34
2548.084569       37       40       40       39       40       38     41    40          41           34
2590.327925       37       40       40       39       40       38     41    40          41           34
2633.271610       37       40       40       39       40       38     41    40          41           34
2676.927236       37       40       40       39       40       38     41    40          41           34
2721.306606       37       40       40       39       40       38     41    40          41           34
2766.421718       37       40       40       39       40       38     41    40          41           34
2812.284770       37       40       40       39       40       38     41    40          41           34
2858.908162       37       40       40       39       40       38     41    40          41           34
2906.304498       37       40       40       39       40       38     41    40          41           34
2954.486593       37       40       40       39       40       38     41    40          41           34
3003.467473       37       40       40       39       40       38     41    40          41           34
3053.260382       37       40       40       39       40       38     41    40          41           34
3103.878782       37       40       40       39       40       38     41    40          41           34
3155.336357       37       40       40       39       40       38     41    40          41           34
3207.647020       37       40       40       39       40       38     41    40          41           34
3260.824915       37       40       40       39       40       38     41    40          41           34
3314.884417       37       40       40       39       40       38     41    40          41           34
3369.840144       37       40       40       39       40       38     41    40          41           34
3425.706953       37       40       40       39       40       38     41    40          41           34
3482.499948       37       40       40       39       40       38     41    40          41           34
3540.234485       38       40       40       39       40       38     41    40          41           35
3598.926172       38       40       40       39       40       38     41    40          41           35
3658.590878       39       40       40       39       40       38     41    40          41           36
