                         SHOTcq0  SHOTcq1  SHOTcq2  SHOThq0  SHOThq1  SHOThq2     baron    gurobi     scip  virt. best  virt. worst
CCPOP5_100                   228       17       26      182       22       54   34760.0     34760    34760        17.0      34760.0
CCPOP5_186                    80       15       41      161       69      112       1.0   2819473   990180         1.0    2819473.0
CCPOP5_20                   6078       13       15       47       18       16     174.0       174      174        13.0       6078.0
CCPOP5_219                    87       12       26      159       58      101       1.0  13134109   646233         1.0   13134109.0
CCPOP5_300                    83       14       26      143       48       93   56479.0     56391    56383        14.0      56479.0
CCPOP5_50                    187       19       20      217       18       38    7869.0      7869     7869        18.0       7869.0
CCPOPwTCRTEaD5_20            161       34       28      167       25       59    2053.0      2053     2053        25.0       2053.0
CCPOPwTCRTEaD5_50             64       43       45      190       32       33    7111.0      7111     7111        32.0       7111.0
CCPOPwTCaD5_20                88       35       39      232       52       71   86543.0     86543    86543        35.0      86543.0
CCPOPwTCaD5_300               98       56       90      124       41       90   17012.0     16900    17127        41.0      17127.0
CCPOPwTCaD5_50                66       59       67      207       39       61   80210.0     84243    83557        39.0      84243.0
CCPOPwTCaRL5_165              39       45       36       27       43       47    7384.0      7384     7384        27.0       7384.0
CCPOPwTCaRL5_20               27       28       28       27       29       27    1736.0      1736     1736        27.0       1736.0
CCPOPwTCaRL5_308              20       21       22       26       25       23     454.0       454      454        20.0        454.0
CCPOPwTCaRL5_50               61       63       62       36       51       49  126756.0    126756   126756        36.0     126756.0
CCPOPwTCaRL5_538              10        8        8       12       16       13       1.0       654       59         1.0        654.0
MPCCPOP12_10                 201       38       27       51       31       30    3768.0      3768     3768        27.0       3768.0
MPCCPOP12_50                  55       41       28       33       27       25   15336.0     15288    15343        25.0      15343.0
MPCCPOP_crypto8_1mo_1d        14        4        5        9       10        9      20.0        20       20         4.0         20.0
MPCCPOP_crypto8_1mo_5d         4        3        3        4   158213        3       3.0         3        3         3.0     158213.0
MPCCPOP_crypto8_30d_90m      118       20       14       54       25       21       1.0         8   174918         1.0     174918.0
RPOPwCaTC5_50                 70       67       68       53       45       46  142254.0    130296   126857        45.0     142254.0
SaCCDPOP5_3_115               11        9       16      154      103      132       1.0    211707   678005         1.0     678005.0
SaCCDPOP5_3_17                38       34       62       58       36       42       1.0     12129   680116         1.0     680116.0
SaCCDPOP5_3_326                8       14       14      230      104      121       1.0    252373   169725         1.0     252373.0
SaCCDPOP5_3_61                23       18       24       80       64       76       1.0     54062  1785531         1.0    1785531.0
alan                          12       10       10       11       11       12       1.0        24      158         1.0        158.0
ball_mk4_05                  502       29       31      516       36       34         -     13144     5971        29.0            -
ball_mk4_15                  267       51       50      343       88       72         -   2567028  6547447        50.0            -
color_lab2_4x0               208       25       48      232        5       32       1.0   3284089  2303834         1.0    3284089.0
color_lab6b_4x20             206       19       29      222       23       36       1.0   4821779  2192512         1.0    4821779.0
meanvar-orl400_05_e_8        119       13       13       99       19       23       1.0      7048    75865         1.0      75865.0
meanvarx                       8        7        9        8       12       11       1.0        38       74         1.0         74.0
nvs10                          9       13       10       10        9       11       1.0         1       38         1.0         38.0
nvs11                         22       12   136869       22       13       15       1.0         6       80         1.0     136869.0
nvs12                         34       16       11       33       14       15       1.0         6      114         1.0        114.0
nvs15                         14        9        8       13       11       11       1.0         9       45         1.0         45.0
pedigree_ex485_2             138       23       24      342       24       25       1.0      3893    15856         1.0      15856.0
pedigree_ex485               219       21       38      283       46       39       1.0     10215    79187         1.0      79187.0
pedigree_sim2000               1       19       30        1       17       22         -       451   322871         1.0            -
pedigree_sim400              234       26       29      262       24       27       1.0    823340  3607725         1.0    3607725.0
pedigree_sp_top4_250         256       20       49      247       24       39       1.0     14927   118213         1.0     118213.0
pedigree_sp_top4_300         210       64       39      259       26       34       1.0     13603    52581         1.0      52581.0
pedigree_sp_top4_350tr       212       23       28      257       27       31       1.0     30003    48795         1.0      48795.0
pedigree_sp_top5_200         246       19       48      231       17       43       1.0     23969   345875         1.0     345875.0
pedigree_sp_top5_250         256       29       45      242       19       39       1.0     17554   473491         1.0     473491.0
watercontamination0202r      418       41       44      579       44       44       1.0       880  4588300         1.0    4588300.0
