                            SHOTcq0     SHOTcq1     SHOTcq2     SHOThq0     SHOThq1     SHOThq2    baron   gurobi     scip  virt. best  virt. worst
CCPOP5_100               900.054428  900.759927    9.761824  900.022971    7.009787   25.470580  114.298  118.570  117.696    7.009787   900.759927
CCPOP5_186               900.418526  906.231382  900.334329  900.031816  900.051952  900.024603  196.720  143.336  920.003  143.336000   920.003000
CCPOP5_20                900.087990    0.264021    0.250182    2.184656    0.469697    0.609635    0.169    0.189    0.304    0.169000   900.087990
CCPOP5_219               900.246888  900.544352  900.585170  900.039156  900.026267  900.034002  920.080  902.775  920.000  900.026267   920.080000
CCPOP5_300               901.074559  907.668759  901.295602  900.022882  900.089953  900.113089  924.291  924.169  924.287  900.022882   924.291000
CCPOP5_50                900.016938   24.480869    4.979187  900.101375    1.407133    4.971047   10.340   10.339   10.488    1.407133   900.101375
CCPOPwTCRTEaD5_20        421.974519   16.459501    2.745202  304.866555    6.990426   35.857835    4.325    4.218    4.517    2.745202   421.974519
CCPOPwTCRTEaD5_50        901.659913  694.131996   52.243478  900.007797  202.112061  258.047609  315.931  315.042  325.641   52.243478   901.659913
CCPOPwTCaD5_20           900.314606  154.967454   43.990004  573.675983  900.003638  885.340259   90.912   90.288   91.477   43.990004   900.314606
CCPOPwTCaD5_300          901.748119  905.292592  902.670713  900.043766  900.649715  900.026328  922.486  922.443  922.654  900.026328   922.654000
CCPOPwTCaD5_50           906.483706  900.515992  908.992289  900.069302  900.113384  900.112779  922.487  922.352  922.325  900.069302   922.487000
CCPOPwTCaRL5_165           3.306763   19.354648    9.898141    5.512104   38.257995   26.353427   39.694   38.105   37.942    3.306763    39.694000
CCPOPwTCaRL5_20            0.396065    0.651357    0.570827    1.443652    1.260765    1.817749    1.236    1.222    1.349    0.396065     1.817749
CCPOPwTCaRL5_308          10.102313   12.999144    9.931188   14.563488   33.610566   15.998467    8.051    7.965    7.997    7.965000    33.610566
CCPOPwTCaRL5_50            1.384904    5.212195    3.546844    2.499637   10.139778    8.890835  596.327  536.185  579.764    1.384904   596.327000
CCPOPwTCaRL5_538          68.905745   14.769468   10.578563   70.049159   12.716629   13.136948   18.190    0.198   89.721    0.198000    89.721000
MPCCPOP12_10             901.428332   33.551041   12.442940  900.216695  900.244253  900.455303   33.871   33.828   33.871   12.442940   901.428332
MPCCPOP12_50             907.317030  900.770240  905.107475  900.044721  901.190416  902.471623  930.000  930.000  930.000  900.044721   930.000000
MPCCPOP_crypto8_1mo_1d     1.199464    0.336936    0.339004    0.673223    0.453784    0.262593    0.099    0.069    0.230    0.069000     1.199464
MPCCPOP_crypto8_1mo_5d     0.137667    0.147982    0.129845    0.142396  900.003478    0.092816    0.021    0.018    0.139    0.018000   900.003478
MPCCPOP_crypto8_30d_90m  903.274202   52.869513   61.148351  900.025700   49.925129   63.808049    3.300    0.220  920.003    0.220000   920.003000
RPOPwCaTC5_50              3.116347   17.787904   13.096511    5.357865   11.913626   11.162975  923.241  923.010  923.097    3.116347   923.241000
SaCCDPOP5_3_115          930.000000  901.814365  902.680663  900.021079  900.015768  900.039523   10.330    3.767  920.002    3.767000   930.000000
SaCCDPOP5_3_17            45.244184  144.455695   50.187564   16.712546   11.268762   11.787975    0.170    0.328  103.451    0.170000   144.455695
SaCCDPOP5_3_326          901.885537  901.014889  916.486543  900.836803  900.604316  901.137514   28.120   17.834  920.017   17.834000   920.017000
SaCCDPOP5_3_61           912.357949  930.000000  930.000000   91.195995  211.286279  135.143296    2.400    1.102  920.001    1.102000   930.000000
alan                       0.144822    0.171099    0.142804    0.131405    0.227521    0.182991    0.100    0.055    0.144    0.055000     0.227521
ball_mk4_05              667.598542    1.424508    0.737022  468.144221    1.652037    0.879572    2.170    1.600    0.946    0.737022   667.598542
ball_mk4_15              901.076748  922.615665   41.443603  900.050457  297.641274  561.748131    0.860  920.049  920.001    0.860000   922.615665
color_lab2_4x0           900.141344  900.508022  900.164440  900.039651  900.030321  900.145296  920.270  920.510  920.029  900.030321   920.510000
color_lab6b_4x20         900.067484  900.956398  901.487876  900.018187  900.127422  900.125728  920.340  920.594  920.002  900.018187   920.594000
meanvar-orl400_05_e_8    162.257702  901.806003  160.924347  900.734880  435.054160  100.754753   14.670    0.803  353.478    0.803000   901.806003
meanvarx                   0.169965    0.134393    0.214289    0.142158    0.334477    0.266099    0.080    0.028    0.088    0.028000     0.334477
nvs10                      0.095396    0.132146    0.084846    0.091979    0.066666    0.109418    0.050    0.045    0.074    0.045000     0.132146
nvs11                      0.142694    0.203835  900.003450    0.096595    0.175266    0.201868    0.120    0.046    0.085    0.046000   900.003450
nvs12                      0.231881    0.442528    0.146860    0.118645    0.221365    0.204813    0.110    0.022    0.076    0.022000     0.442528
nvs15                      0.184610    0.117453    0.124811    0.196446    0.209629    0.187481    0.060    0.045    0.053    0.045000     0.209629
pedigree_ex485_2           7.832362  430.791977    3.606103  900.021059  234.696312   11.921735    2.460    0.635   30.140    0.635000   900.021059
pedigree_ex485           900.370616  901.352717  902.059944  900.117500  900.357171  599.799917  102.700    1.877   76.627    1.877000   902.059944
pedigree_sim2000         930.000000  912.021395  902.109824  930.000000  900.162522  900.796960  920.760   12.606  920.011   12.606000   930.000000
pedigree_sim400          902.520970  900.284510  900.221724  900.016485  900.105111  900.018033  920.070  742.781  920.000  742.781000   920.070000
pedigree_sp_top4_250     900.662174  900.119110   36.241412  900.017321  900.062866   36.123334   60.340    4.709  134.721    4.709000   900.662174
pedigree_sp_top4_300     900.348903  901.345818   75.707885  900.245295  900.022741   39.758880   30.390    2.850   43.886    2.850000   901.345818
pedigree_sp_top4_350tr   901.233523  900.808830   81.406576  900.091697  900.009113   36.876384   38.580    3.450   30.298    3.450000   901.233523
pedigree_sp_top5_200     900.795015  906.700259   40.946628  900.031110  900.031982   52.047292  239.580   11.927  920.001   11.927000   920.001000
pedigree_sp_top5_250     900.503938  902.551862   93.681925  900.264432  900.844519   39.189865   89.230    8.372  696.531    8.372000   902.551862
watercontamination0202r  900.224200    3.231559    2.299056  469.983643    5.187837    4.494037    0.820    0.079  920.002    0.079000   920.002000
