                         SHOTcq0  SHOTcq1  SHOTcq2  SHOThq0  SHOThq1  SHOThq2    baron   scip  virt. best  virt. worst
ASPOPwCRaTE5_20            30180        1        1        1       20       31     11.0      1         1.0      30180.0
ASPOPwCRaTE5_60            23751    80454       43        1      303       76      1.0      1         1.0      80454.0
CCPOP5_100                 18879     5432     1538        1      142     2176   9310.0   9310         1.0      18879.0
CCPOP5_300                 63756     4366    13007        1     2458     5719   4984.0   4984         1.0      63756.0
CCPOP5_50                  64915     2866      349        1       40      407   2224.0   2224         1.0      64915.0
CCPOPwTCRTEaD5_20          38435      623       41        1     2195     1618    420.0    420         1.0      38435.0
CCPOPwTCaRL5_165               1       45        1       18        7       16   2208.0   2208         1.0       2208.0
CCPOPwTCaRL5_308               1        4        4       16        5        6    147.0    147         1.0        147.0
CCPOPwTCaRL5_50                1        1       43       14        4       19  17243.0  17368         1.0      17368.0
MPCCPOP_crypto8_1mo_1h         1        1        1        1        1     1005    860.0    860         1.0       1005.0
RPOPwCaTC5_50                  2       70        1       49       25       30  11412.0  10664         1.0      11412.0
SaCCDPOP5_3_115           290198    84749    79663     3523     3675     3701      1.0   3689         1.0     290198.0
SaCCDPOP5_3_17              8016    16022     5240      810      847     1071      1.0  15427         1.0      16022.0
SaCCDPOP5_3_61            159864    80807    84496     7600     7207     7525      1.0  13133         1.0     159864.0
ball_mk4_05                47324     1081      216    72858     1477      535   1035.0    781       216.0      72858.0
color_lab2_4x0             80171    11066    11910    15366        1     5433      1.0    205         1.0      80171.0
color_lab6b_4x20           25766    11321    11151     9825     2733     4855      1.0    395         1.0      25766.0
pedigree_ex1058            12162      385    15135        1        1        1      1.0   7718         1.0      15135.0
pedigree_ex485_2             629     9118        1        1       22        1      1.0    168         1.0       9118.0
pedigree_ex485             39599     1614    30096      203        1     5843      1.0    856         1.0      39599.0
pedigree_sim400           101987    36848    25547      920    12599     7762      1.0  11339         1.0     101987.0
pedigree_sp_top4_250       32738      675    11643        1       75        1      1.0   1282         1.0      32738.0
pedigree_sp_top4_300       32801     4985    16390      138     1191        1      1.0    832         1.0      32801.0
pedigree_sp_top4_350tr     42943    16799    25150      551     3485        3      1.0   1551         1.0      42943.0
pedigree_sp_top5_200       22082      644    21533        1        1        1      1.0    493         1.0      22082.0
pedigree_sp_top5_250       30195      610     6365        1        1        2      1.0   1097         1.0      30195.0
watercontamination0202r     2866        1        1      929        4      127      1.0      6         1.0       2866.0
