                              SHOTcq0       SHOTcq1       SHOTcq2       SHOThq0       SHOThq1       SHOThq2         baron        gurobi          scip    virt. best   virt. worst
CCPOP5_100               6.342317e-05  6.713893e-05  6.249596e-05  6.079356e-05  6.193601e-05  6.023317e-05  6.023318e-05  6.023318e-05  6.023318e-05  6.023317e-05  6.713893e-05
CCPOP5_186               7.561397e-05  7.431472e-05  7.434354e-05  7.683686e-05  7.201761e-05  7.239172e-05  7.077909e-05  7.077909e-05  7.143041e-05  7.077909e-05  7.683686e-05
CCPOP5_20                9.326534e-05  9.819433e-05  9.501362e-05  9.704801e-05  9.501362e-05  9.645916e-05  9.326534e-05  9.326534e-05  9.326534e-05  9.326534e-05  9.819433e-05
CCPOP5_219               7.234092e-05  8.293031e-05  7.876680e-05  7.137709e-05  6.914502e-05  6.910985e-05  6.776984e-05  6.776984e-05  6.878496e-05  6.776984e-05  8.293031e-05
CCPOP5_300               7.023469e-05  7.839402e-05  7.622238e-05  6.856674e-05  6.757346e-05  6.777262e-05  6.484726e-05  6.484726e-05  6.484726e-05  6.484726e-05  7.839402e-05
CCPOP5_50                6.506558e-05  6.912032e-05  6.928742e-05  6.552191e-05  6.712389e-05  6.675475e-05  6.506558e-05  6.506558e-05  6.506558e-05  6.506558e-05  6.928742e-05
CCPOPwTCRTEaD5_20       -1.013516e-03 -1.008195e-03 -1.006225e-03 -1.013516e-03 -1.013516e-03 -1.013520e-03 -1.013516e-03 -1.013516e-03 -1.013516e-03 -1.013520e-03 -1.006225e-03
CCPOPwTCRTEaD5_50       -1.178407e-03 -1.178407e-03 -1.178407e-03 -1.157152e-03 -1.178407e-03 -1.178407e-03 -1.178407e-03 -1.178407e-03 -1.178407e-03 -1.178407e-03 -1.157152e-03
CCPOPwTCaD5_20           5.741298e-04  5.365658e-04  5.365658e-04  5.506580e-04  5.366634e-04  5.365658e-04  5.365658e-04  5.365658e-04  5.365658e-04  5.365658e-04  5.741298e-04
CCPOPwTCaD5_300          1.250567e-03  6.265717e-04  1.351181e-03  9.715534e-04  6.133144e-04  7.635089e-04  3.221943e-04  3.221943e-04  3.221943e-04  3.221943e-04  1.351181e-03
CCPOPwTCaD5_50           7.084285e-04  4.575298e-04  4.291682e-04  6.091262e-04  4.532401e-04  5.148830e-04  4.163298e-04  4.163298e-04  4.163298e-04  4.163298e-04  7.084285e-04
CCPOPwTCaRL5_165         1.177724e-03  1.177724e-03  1.177724e-03  1.177724e-03  1.177724e-03  1.177724e-03  1.177724e-03  1.177724e-03  1.177724e-03  1.177724e-03  1.177724e-03
CCPOPwTCaRL5_308         1.759138e-03  1.759138e-03  1.759138e-03  1.761791e-03  1.761791e-03  1.761791e-03  1.761791e-03  1.761791e-03  1.761791e-03  1.761791e-03  1.759138e-03
CCPOPwTCaRL5_50          2.804233e-04  2.804233e-04  2.804233e-04  2.804233e-04  2.804233e-04  2.804359e-04  2.804233e-04  2.804233e-04  2.804233e-04  2.804359e-04  2.804233e-04
CCPOPwTCaRL5_538         6.371190e-03  6.371190e-03  6.371190e-03  6.371189e-03  6.371190e-03  6.371190e-03  6.371190e-03  6.370954e-03  6.370906e-03  6.371190e-03  6.370906e-03
MPCCPOP12_10             1.936946e-02  1.699078e-02  1.698008e-02  2.167607e-02  1.710421e-02  1.716987e-02  1.697896e-02  1.697896e-02  1.697896e-02  1.697896e-02  2.167607e-02
MPCCPOP12_50             1.226909e-02  6.948096e-03  6.908487e-03  1.582167e-02  1.303818e-02  1.512348e-02  1.110070e-02  1.110070e-02  1.110070e-02  6.908487e-03  1.582167e-02
MPCCPOP_crypto8_1mo_5d  -9.497665e-02 -9.497665e-02 -9.497665e-02 -9.497665e-02 -9.497665e-02 -9.497665e-02 -9.497665e-02 -9.497665e-02 -9.497665e-02 -9.497665e-02 -9.497665e-02
MPCCPOP_crypto8_30d_90m -1.092518e-01 -1.096291e-01 -1.096303e-01 -1.085297e-01 -1.092674e-01 -1.092285e-01 -1.095481e-01 -1.095375e-01 -1.093972e-01 -1.096303e-01 -1.085297e-01
RPOPwCaTC5_50            5.065820e-04  5.111606e-04  5.111606e-04  5.111605e-04  5.111603e-04  5.111605e-04  5.111608e-04  5.111608e-04  5.111608e-04  5.111608e-04  5.065820e-04
SaCCDPOP5_3_115          7.709235e+00  7.680636e+00  7.706172e+00  7.678799e+00  7.678724e+00  7.678763e+00  7.678827e+00  7.678797e+00  7.678793e+00  7.678724e+00  7.709235e+00
SaCCDPOP5_3_17           1.116461e+00  1.116445e+00  1.116482e+00  1.116458e+00  1.116451e+00  1.116413e+00  1.116443e+00  1.116443e+00  1.116443e+00  1.116413e+00  1.116482e+00
SaCCDPOP5_3_326          2.230028e+01  2.225420e+01  2.227818e+01  2.225416e+01  2.225407e+01  2.225407e+01  2.225417e+01  2.225416e+01  2.225418e+01  2.225407e+01  2.230028e+01
SaCCDPOP5_3_61           3.948551e+00  3.948617e+00  3.974050e+00  3.948623e+00  3.948552e+00  3.948564e+00  3.948617e+00  3.948612e+00  3.948606e+00  3.948551e+00  3.974050e+00
ball_mk4_05                       inf           inf           inf           inf           inf           inf           inf           inf           inf           inf           inf
ball_mk4_15                       inf           inf           inf           inf           inf           inf           inf           inf           inf           inf           inf
color_lab2_4x0           5.107500e+01  4.672465e+01  4.554996e+01  5.012500e+01  7.357500e+01  4.382500e+01  4.312500e+01  4.292500e+01  5.260000e+01  4.292500e+01  7.357500e+01
color_lab6b_4x20         1.130000e+01  9.400000e+00  1.074979e+01  9.850000e+00  6.825000e+00  6.825000e+00  6.325000e+00  6.325000e+00  1.490000e+01  6.325000e+00  1.490000e+01
meanvar-orl400_05_e_8    9.950006e+01  9.948265e+01  9.948265e+01  9.948260e+01  9.948260e+01  9.948260e+01  9.948265e+01  9.948265e+01  9.948262e+01  9.948260e+01  9.950006e+01
nvs11                   -4.310000e+02 -4.310000e+02 -4.310000e+02 -4.310000e+02 -4.310000e+02 -4.310000e+02 -4.310000e+02 -4.310000e+02 -4.310000e+02 -4.310000e+02 -4.310000e+02
pedigree_ex485_2        -2.575323e+04 -2.575843e+04 -2.576682e+04 -2.570501e+04 -2.576142e+04 -2.576682e+04 -2.576682e+04 -2.574533e+04 -2.576053e+04 -2.576682e+04 -2.570501e+04
pedigree_ex485          -1.806600e+04 -2.082084e+04 -2.193157e+04           inf           inf -2.193157e+04 -2.193157e+04 -2.193157e+04 -2.193157e+04 -2.193157e+04           inf
pedigree_sim2000        -7.439540e+03 -9.522750e+03 -9.596290e+03 -7.320960e+03 -9.713950e+03 -9.781050e+03           inf -9.815310e+03 -9.797810e+03 -9.815310e+03           inf
pedigree_sim400         -2.221400e+03 -2.587350e+03 -2.581250e+03 -2.533220e+03 -2.489320e+03 -2.579790e+03 -2.587830e+03 -2.588210e+03 -2.584050e+03 -2.588210e+03 -2.221400e+03
pedigree_sp_top4_250    -1.206401e+04 -2.045836e+04 -2.317619e+04 -2.226651e+04 -2.164177e+04 -2.316889e+04 -2.317619e+04 -2.317103e+04 -2.317619e+04 -2.317619e+04 -1.206401e+04
pedigree_sp_top4_300    -1.344337e+04 -2.171660e+04 -2.317619e+04 -1.769363e+04 -2.074663e+04 -2.315981e+04 -2.317619e+04 -2.317619e+04 -2.317619e+04 -2.317619e+04 -1.344337e+04
pedigree_sp_top4_350tr  -1.466910e+04 -2.020119e+04 -2.300331e+04 -1.728695e+04 -1.985329e+04 -2.300246e+04 -2.300331e+04 -2.300331e+04 -2.300331e+04 -2.300331e+04 -1.466910e+04
pedigree_sp_top5_200    -1.068480e+04 -2.132568e+04 -2.317619e+04 -1.842176e+04 -1.949704e+04 -2.316512e+04 -2.317619e+04 -2.316165e+04 -2.311096e+04 -2.317619e+04 -1.068480e+04
pedigree_sp_top5_250    -1.201666e+04 -2.160910e+04 -2.317619e+04 -1.817537e+04 -2.184187e+04 -2.316889e+04 -2.317619e+04 -2.316185e+04 -2.317619e+04 -2.317619e+04 -1.201666e+04
watercontamination0202r  9.790444e+01  9.790444e+01  9.790444e+01  9.790444e+01  9.790444e+01  9.790444e+01  9.790444e+01  9.790444e+01  1.055019e+02  9.790444e+01  1.055019e+02
