                              SHOTcq0       SHOTcq1       SHOTcq2       SHOThq0       SHOThq1       SHOThq2         baron        gurobi          scip    virt. best   virt. worst
alan                     0.000000e+00  0.000000e+00  0.000000e+00  0.000000e+00  0.000000e+00  0.000000e+00  0.000000e+00  0.000000e+00  1.887528e-07  0.000000e+00  1.887528e-07
ball_mk4_05              0.000000e+00  0.000000e+00  0.000000e+00  0.000000e+00  0.000000e+00  0.000000e+00  0.000000e+00  0.000000e+00  0.000000e+00  0.000000e+00  0.000000e+00
meanvarx                 1.470927e-07  1.469906e-07  1.469908e-07  1.470927e-07  1.467737e-07  1.469295e-07  1.471809e-07  1.484408e-07  1.219526e-07  1.219526e-07  1.484408e-07
nvs10                    0.000000e+00  0.000000e+00  0.000000e+00  0.000000e+00  0.000000e+00  0.000000e+00  0.000000e+00  0.000000e+00  0.000000e+00  0.000000e+00  0.000000e+00
nvs11                    0.000000e+00  0.000000e+00  0.000000e+00  0.000000e+00  0.000000e+00  0.000000e+00  0.000000e+00  0.000000e+00  0.000000e+00  0.000000e+00  0.000000e+00
nvs12                    0.000000e+00  0.000000e+00  0.000000e+00  0.000000e+00  0.000000e+00  0.000000e+00  0.000000e+00  0.000000e+00  0.000000e+00  0.000000e+00  0.000000e+00
nvs15                    0.000000e+00  0.000000e+00  0.000000e+00  0.000000e+00  0.000000e+00  0.000000e+00  0.000000e+00  0.000000e+00  0.000000e+00  0.000000e+00  0.000000e+00
pedigree_ex485_2         5.277008e-04  3.257186e-04  0.000000e+00  2.404590e-03  2.096158e-04  0.000000e+00  0.000000e+00  8.347145e-04  2.441720e-04  0.000000e+00  2.404590e-03
pedigree_ex485           2.139693e-01  5.334703e-02  0.000000e+00  2.000000e+00  2.000000e+00  0.000000e+00  0.000000e+00  0.000000e+00  0.000000e+00  0.000000e+00  2.000000e+00
pedigree_sp_top4_250     9.211017e-01  1.328469e-01  0.000000e+00  4.085418e-02  7.090086e-02  3.150777e-04  0.000000e+00  2.226919e-04  0.000000e+00  0.000000e+00  9.211017e-01
pedigree_sp_top4_300     7.239866e-01  6.721079e-02  0.000000e+00  3.098607e-01  1.171062e-01  7.072597e-04  0.000000e+00  0.000000e+00  0.000000e+00  0.000000e+00  7.239866e-01
pedigree_sp_top4_350tr   5.681473e-01  1.387106e-01  0.000000e+00  3.306749e-01  1.586649e-01  3.695257e-05  0.000000e+00  0.000000e+00  0.000000e+00  0.000000e+00  5.681473e-01
watercontamination0202r  0.000000e+00  0.000000e+00  0.000000e+00  0.000000e+00  0.000000e+00  0.000000e+00  0.000000e+00  0.000000e+00  7.760103e-02  0.000000e+00  7.760103e-02
