Relative performance profile for SolverTime
Filter: gap <= 0.102% and not failed
            SHOTcq0  SHOTcq1  SHOTcq2  SHOThq0  SHOThq1  SHOThq2  baron  scip  virt. best  virt. worst
1.000000          4        0        2        8        0        2     14     5          35            0
1.013161          4        0        2        8        0        2     14     7          35            0
1.026495          4        0        2        8        0        2     14     7          35            0
1.040004          4        0        2        8        0        2     15     8          35            0
1.053692          4        0        2        8        0        2     15     8          35            0
1.067559          4        0        2        8        0        2     15     8          35            0
1.081609          4        0        2        8        0        2     15     8          35            0
1.095844          4        0        2        8        1        2     16     8          35            0
1.110266          4        0        2        8        1        3     16     8          35            0
1.124878          4        0        2        8        1        3     16     8          35            0
1.139683          4        0        2        8        1        3     16     8          35            0
1.154682          4        0        2        8        1        3     16     8          35            0
1.169879          4        0        2        8        1        3     16     8          35            0
1.185275          4        0        2        8        1        3     16     9          35            0
1.200874          4        0        2        8        1        3     16     9          35            0
1.216679          4        0        2        8        1        3     16     9          35            0
1.232691          4        0        2        8        1        3     16     9          35            0
1.248915          5        0        2        8        2        3     16     9          35            0
1.265352          5        0        2        8        2        3     16     9          35            0
1.282005          5        0        2        8        2        3     16     9          35            0
1.298877          5        1        2        8        2        3     17    10          35            0
1.315971          5        1        3        8        2        3     18    10          35            0
1.333291          5        1        3        8        2        3     18    10          35            0
1.350838          6        1        3        8        2        3     18    10          35            0
1.368616          6        1        3        8        2        3     18    10          35            0
1.386628          6        1        3        9        2        3     18    10          35            0
1.404877          6        1        3        9        2        4     18    10          35            0
1.423367          6        1        3        9        2        4     18    12          35            0
1.442099          6        1        4        9        2        4     18    12          35            0
1.461079          6        1        5        9        2        5     18    13          35            0
1.480308          6        1        5        9        2        5     18    13          35            0
1.499790          6        1        5        9        2        6     18    13          35            0
1.519528          6        1        5        9        2        6     18    13          35            0
1.539527          6        1        5        9        2        6     18    13          35            0
1.559788          6        1        5        9        2        6     18    13          35            0
1.580316          6        1        5        9        2        6     18    13          35            0
1.601114          6        1        5        9        2        6     18    13          35            0
1.622187          6        1        5        9        2        6     18    13          35            0
1.643536          6        1        5        9        2        7     18    13          35            0
1.665166          6        1        5        9        2        7     18    13          35            0
1.687081          6        1        5        9        2        7     18    13          35            0
1.709285          6        1        5        9        2        7     19    13          35            0
1.731780          6        1        6        9        2        7     19    13          35            0
1.754572          6        1        6       10        2        7     19    13          35            0
1.777664          6        1        6       10        2        7     19    13          35            0
1.801059          6        1        6       10        2        7     20    13          35            0
1.824763          6        1        6       11        2        7     20    13          35            0
1.848778          7        1        6       11        2        7     21    13          35            0
1.873110          7        1        6       11        2        7     21    13          35            0
1.897761          7        1        6       11        2        7     21    13          35            0
1.922737          7        1        6       12        2        7     21    13          35            0
1.948042          7        2        6       12        2        7     21    13          35            0
1.973680          7        3        7       12        2        7     21    13          35            0
1.999656          7        3        8       13        2        7     21    13          35            0
2.025973          7        3        9       13        2        8     22    13          35            0
2.052636          8        3        9       14        2        8     22    13          35            0
2.079651          8        3        9       15        2        8     22    13          35            0
2.107021          8        3        9       15        2        8     22    13          35            0
2.134751          8        3        9       15        2        8     22    13          35            0
2.162846          8        3        9       15        2        8     22    13          35            0
2.191311          8        3        9       15        3        8     22    13          35            0
2.220150          8        3        9       15        3        8     22    13          35            0
2.249369          8        3       10       15        4        8     22    13          35            0
2.278973          8        3       10       16        4        8     22    13          35            0
2.308966          8        3       10       16        4        9     22    13          35            0
2.339354          8        3       10       16        4        9     22    13          35            0
2.370142          8        3       10       16        4        9     22    13          35            0
2.401335          8        3       11       16        4        9     22    13          35            0
2.432939          8        3       11       16        4        9     22    13          35            0
2.464958          8        3       12       16        5        9     22    14          35            0
2.497399          8        3       12       16        5        9     22    14          35            0
2.530267          8        5       12       16        5       10     22    14          35            1
2.563568          8        5       12       16        5       10     22    14          35            1
2.597306          8        5       12       16        5       10     22    14          35            1
2.631489          8        5       12       16        5       10     22    14          35            1
2.666122          9        5       12       16        5       10     22    14          35            1
2.701210          9        5       13       16        5       10     22    14          35            1
2.736760          9        5       13       16        5       10     22    14          35            1
2.772778          9        5       13       16        6       12     22    14          35            1
2.809271          9        5       13       16        6       12     22    14          35            1
2.846243          9        5       13       16        6       12     22    14          35            1
2.883702          9        5       13       16        6       12     22    14          35            1
2.921654          9        5       14       16        6       12     22    14          35            1
2.960105          9        5       14       16        6       12     22    14          35            1
2.999063          9        5       14       16        6       12     22    14          35            1
3.038533          9        5       14       16        6       12     23    14          35            1
3.078523          9        5       14       16        6       12     23    14          35            1
3.119039          9        5       14       16        6       12     23    14          35            1
3.160088          9        5       14       16        6       12     24    14          35            1
3.201677          9        5       14       16        6       12     24    14          35            1
3.243814          9        5       14       16        6       12     24    14          35            1
3.286506          9        5       14       16        6       12     24    14          35            1
3.329759          9        5       14       16        6       12     24    14          35            1
3.373581          9        5       14       16        6       12     24    14          35            1
3.417980          9        5       15       16        6       12     24    14          35            1
3.462964          9        6       15       16        6       12     24    14          35            1
3.508540          9        6       15       16        6       12     24    14          35            1
3.554715          9        6       15       16        6       12     24    14          35            1
3.601498          9        6       15       16        6       12     24    14          35            1
3.648897          9        6       16       16        6       12     24    14          35            1
3.696919          9        7       16       16        6       12     24    15          35            1
3.745574          9        7       16       16        6       12     24    15          35            1
3.794869          9        7       16       17        6       12     24    15          35            1
3.844813          9        7       16       17        6       12     24    15          35            1
3.895414          9        7       16       17        6       12     24    15          35            1
3.946681          9        7       16       17        6       12     24    15          35            1
3.998622          9        7       17       17        6       12     24    15          35            1
4.051247          9        7       17       17        7       12     24    15          35            1
4.104565          9        7       17       17        7       13     24    15          35            1
4.158585          9        9       17       17        7       13     24    15          35            1
4.213315          9        9       17       17        7       13     24    16          35            1
4.268766          9       10       17       17        7       13     24    16          35            1
4.324947          9       10       17       17        7       14     25    16          35            1
4.381867          9       10       17       18        7       14     25    16          35            1
4.439536          9       10       17       18        7       14     25    16          35            1
4.497964          9       10       18       18        7       14     25    16          35            1
4.557161          9       10       18       18        7       14     25    16          35            1
4.617137          9       10       18       18        7       14     26    16          35            1
4.677903          9       10       18       18        7       14     26    16          35            1
4.739468          9       10       18       19        7       14     26    17          35            1
4.801843          9       10       18       19        7       14     26    17          35            1
4.865039          9       10       18       19        7       14     26    17          35            1
4.929067          9       10       18       19        7       14     26    17          35            1
4.993938          9       10       19       19        8       14     26    17          35            1
5.059663          9       11       19       19        8       14     26    17          35            1
5.126252          9       11       19       19        8       14     26    17          35            1
5.193718          9       11       19       19        9       14     26    17          35            2
5.262072          9       11       19       19        9       14     27    17          35            2
5.331325          9       11       19       19        9       14     27    17          35            2
5.401490          9       11       19       19        9       14     27    17          35            2
5.472578          9       11       19       19        9       14     27    17          35            2
5.544602          9       12       20       19        9       14     27    17          35            2
5.617573          9       12       20       19        9       15     27    17          35            2
5.691506          9       12       20       19        9       15     27    17          35            2
5.766411          9       12       20       19        9       15     27    17          35            2
5.842301          9       12       20       19        9       15     27    17          35            2
5.919191          9       12       20       19       10       15     27    17          35            2
5.997093          9       12       20       19       10       15     27    17          35            2
6.076020          9       12       20       19       11       15     27    17          35            2
6.155985          9       12       20       19       11       15     27    17          35            2
6.237003          9       12       20       19       11       15     27    17          35            2
6.319087          9       12       20       19       12       15     27    17          35            2
6.402252          9       12       20       19       12       16     27    17          35            2
6.486511          9       12       20       19       12       16     27    17          35            2
6.571879          9       12       20       19       13       16     27    17          35            2
6.658371          9       12       20       19       13       16     27    17          35            2
6.746000          9       12       20       19       13       17     27    17          35            2
6.834783          9       12       20       19       13       17     27    17          35            2
6.924735          9       12       20       19       13       17     27    17          35            2
7.015870          9       12       20       19       13       17     27    17          35            2
7.108205          9       12       20       19       13       17     27    17          35            2
7.201755          9       12       20       19       13       17     27    17          35            2
7.296536          9       12       20       19       13       17     27    17          35            2
7.392565          9       12       20       19       13       17     27    17          35            2
7.489858          9       12       20       19       13       18     27    17          35            2
7.588430          9       12       20       19       14       19     27    18          35            2
7.688301          9       12       20       19       14       19     27    18          35            2
7.789485          9       12       20       19       14       19     27    18          35            2
7.892001          9       12       20       19       14       20     27    18          35            3
7.995867          9       12       20       19       15       20     27    18          35            3
8.101099          9       12       20       19       15       20     27    18          35            3
8.207717          9       12       20       19       15       20     27    18          35            3
8.315737          9       12       20       19       15       20     27    18          35            3
8.425179          9       12       20       19       15       20     27    18          35            3
8.536062          9       12       20       19       15       20     27    18          35            3
8.648404          9       13       20       19       15       20     27    18          35            3
8.762224          9       13       20       19       15       20     27    18          35            3
8.877542          9       13       20       19       15       20     27    18          35            3
8.994378         10       13       20       19       15       20     27    18          35            4
9.112752         10       13       20       19       15       20     27    18          35            4
9.232684         11       13       20       19       15       20     27    18          35            5
9.354194         11       13       20       19       15       20     27    18          35            5
9.477303         11       13       20       19       15       21     27    18          35            5
9.602032         11       13       20       19       15       21     27    18          35            5
9.728403         11       13       20       19       15       21     27    18          35            5
9.856437         11       13       20       19       15       21     27    18          35            5
9.986156         11       13       20       19       15       21     27    18          35            5
10.117582        11       13       20       20       15       21     27    18          35            5
10.250738        11       13       20       20       15       21     27    18          35            5
10.385647        11       13       20       20       15       21     27    18          35            5
10.522331        11       13       20       20       15       21     27    18          35            5
10.660814        11       13       20       20       15       21     27    18          35            5
10.801119        11       13       20       20       15       21     27    18          35            5
10.943271        11       13       20       20       15       21     28    18          35            5
11.087294        11       13       20       20       15       21     28    19          35            5
11.233212        11       13       20       20       15       21     28    19          35            5
11.381050        12       13       20       20       15       21     28    19          35            6
11.530835        13       13       20       20       16       21     28    19          35            7
11.682590        13       13       20       20       16       21     28    19          35            7
11.836343        13       13       20       20       16       21     28    19          35            7
11.992119        13       13       20       20       16       21     28    19          35            7
12.149946        13       13       20       20       16       21     28    19          35            7
12.309850        13       13       20       20       16       21     28    20          35            7
12.471858        13       13       20       20       16       21     28    20          35            7
12.635998        13       13       20       20       16       21     28    20          35            7
12.802298        13       13       20       20       16       21     28    20          35            7
12.970787        13       13       20       20       16       21     28    20          35            7
13.141494        13       13       20       20       16       21     28    20          35            7
13.314447        13       13       20       20       16       21     28    20          35            7
13.489677        13       14       20       20       16       21     28    20          35            7
13.667212        13       14       20       20       16       21     28    20          35            7
13.847085        13       14       20       20       16       21     28    20          35            7
14.029324        13       14       20       20       16       21     28    20          35            7
14.213962        13       14       20       20       16       21     28    20          35            7
14.401030        13       14       20       20       17       21     28    20          35            7
14.590559        13       14       21       20       17       21     28    20          35            7
14.782584        13       14       21       20       17       21     28    20          35            7
14.977135        13       14       21       20       17       21     28    20          35            7
15.174247        13       14       21       20       17       21     28    20          35            7
15.373953        13       14       21       20       17       21     28    20          35            7
15.576287        13       14       21       20       17       21     28    20          35            7
15.781284        13       14       21       20       17       21     28    20          35            7
15.988979        13       14       21       20       17       21     28    20          35            7
16.199408        13       14       21       20       17       21     28    20          35            7
16.412606        13       14       21       20       17       21     28    20          35            7
16.628610        13       14       21       20       17       21     28    20          35            7
16.847456        13       14       21       20       17       21     28    20          35            7
17.069183        13       14       21       20       17       21     28    20          35            7
17.293828        13       14       21       20       17       21     28    20          35            7
17.521430        13       14       21       20       18       21     28    20          35            7
17.752026        13       14       21       20       18       21     28    20          35            7
17.985658        13       14       21       20       18       21     28    20          35            7
18.222365        13       14       22       20       18       21     28    20          35            7
18.462187        13       14       22       20       18       21     28    20          35            7
18.705165        13       14       22       20       18       21     28    20          35            7
18.951341        13       14       22       20       18       21     28    20          35            7
19.200756        13       14       22       20       18       21     28    20          35            7
19.453455        13       14       22       20       18       21     28    20          35            7
19.709479        13       14       22       20       18       21     28    20          35            7
19.968872        13       14       22       20       18       21     28    20          35            7
20.231679        13       14       22       20       18       21     28    20          35            7
20.497946        13       14       22       20       18       21     28    20          35            7
20.767716        13       14       22       20       18       21     28    20          35            7
21.041037        13       14       22       20       18       21     28    20          35            7
21.317955        13       14       22       20       18       21     28    20          35            7
21.598517        13       14       22       20       18       21     28    20          35            7
21.882772        13       14       22       20       18       21     28    20          35            7
22.170768        13       14       23       20       18       21     28    20          35            7
22.462554        13       14       23       20       18       21     28    20          35            7
22.758180        13       14       23       20       18       21     28    20          35            7
23.057697        13       14       23       20       18       21     28    20          35            7
23.361156        13       14       23       20       18       21     28    20          35            7
23.668609        13       14       23       20       18       21     28    20          35            7
23.980108        13       14       23       20       18       21     28    20          35            7
24.295706        13       14       23       20       18       21     28    20          35            7
24.615459        13       14       23       20       19       21     28    20          35            7
24.939419        13       14       23       20       19       21     28    20          35            7
25.267643        13       14       23       20       19       21     28    20          35            7
25.600187        13       14       23       20       19       21     28    20          35            7
25.937107        14       14       23       20       19       21     28    20          35            7
26.278461        14       14       23       20       19       22     28    20          35            7
26.624308        14       14       23       20       19       22     28    20          35            7
26.974707        14       14       23       20       19       22     28    20          35            7
27.329717        14       14       23       20       19       22     28    20          35            7
27.689399        14       14       23       20       19       22     28    20          35            7
28.053815        14       14       23       20       19       22     28    20          35            7
28.423027        14       14       24       20       19       22     28    20          35            7
28.797098        14       14       24       20       19       22     28    20          35            7
29.176092        14       14       24       20       19       22     28    20          35            7
29.560075        14       14       24       20       19       22     28    20          35            7
29.949110        14       14       24       20       19       22     28    20          35            7
30.343266        14       14       24       20       19       22     28    20          35            7
30.742609        14       14       24       20       19       22     29    20          35            7
31.147208        14       14       24       20       19       22     29    21          35            7
31.557132        14       14       24       20       19       22     29    21          35            7
31.972451        14       14       24       20       19       22     29    21          35            7
32.393235        14       14       24       20       19       23     29    21          35            7
32.819558        14       14       24       20       19       23     29    21          35            7
33.251491        14       14       24       20       20       23     29    21          35            7
33.689109        14       14       24       20       20       23     29    21          35            7
34.132486        14       14       24       20       20       23     29    21          35            7
34.581699        14       14       24       20       20       23     29    21          35            7
35.036823        14       14       24       20       20       23     29    21          35            7
35.497938        14       14       24       20       20       23     29    21          35            7
35.965121        14       14       24       20       20       23     29    21          35            7
36.438452        14       14       24       20       20       23     29    21          35            7
36.918013        14       14       24       20       20       23     29    21          35            7
37.403886        14       14       24       20       20       23     29    21          35            7
37.896153        14       14       24       20       20       23     29    21          35            7
38.394898        14       14       24       20       20       23     29    21          35            7
38.900208        14       14       24       20       20       23     29    21          35            7
39.412168        14       14       24       20       20       23     29    21          35            7
39.930865        14       14       24       20       20       23     29    21          35            7
40.456389        14       14       24       20       20       23     29    21          35            7
40.988830        14       14       24       20       20       23     29    21          35            7
41.528278        14       14       24       20       20       23     29    21          35            7
42.074825        14       14       24       20       20       23     29    21          35            7
42.628565        14       14       24       20       20       23     29    21          35            7
43.189594        14       14       24       20       21       23     29    21          35            7
43.758005        14       14       24       20       21       23     29    21          35            7
44.333898        14       14       24       20       21       23     29    21          35            7
44.917370        14       14       24       20       21       23     29    21          35            7
45.508521        14       14       24       20       21       23     29    21          35            7
46.107451        14       14       24       20       21       23     29    21          35            7
46.714265        14       14       24       20       21       23     29    21          35            7
47.329064        14       14       24       20       21       23     29    21          35            7
47.951955        14       14       24       20       21       23     29    21          35            7
48.583043        14       14       24       20       21       23     29    21          35            7
49.222437        14       14       24       20       21       23     29    21          35            7
49.870247        14       14       24       20       21       23     29    21          35            7
50.526581        14       14       24       20       21       23     29    21          35            7
51.191554        14       14       24       20       22       23     29    21          35            7
51.865278        14       14       24       20       22       23     29    21          35            7
52.547870        14       14       24       20       22       23     29    21          35            7
53.239444        14       14       24       20       22       23     29    21          35            7
53.940121        14       14       24       20       22       23     29    21          35            7
54.650018        14       14       24       20       22       23     29    21          35            7
55.369259        14       14       24       20       22       24     29    21          35            7
56.097966        14       14       24       20       22       24     29    21          35            7
56.836263        14       14       24       20       22       24     29    21          35            7
57.584276        14       14       24       20       22       24     29    21          35            7
58.342134        14       14       25       20       22       24     29    21          35            7
59.109966        14       14       25       20       22       24     29    21          35            7
59.887904        14       14       25       21       22       24     29    21          35            7
60.676079        14       14       25       21       22       25     29    21          35            7
61.474628        14       14       25       21       22       25     29    21          35            7
62.283687        14       14       25       21       22       25     29    21          35            7
63.103393        14       14       25       21       22       25     29    21          35            7
63.933887        14       14       25       21       22       25     29    21          35            7
64.775311        14       14       25       21       22       25     29    21          35            7
65.627810        14       14       25       21       23       25     29    21          35            7
66.491527        14       14       25       21       23       25     29    21          35            7
67.366612        14       14       25       21       23       25     29    21          35            7
68.253214        14       14       25       21       23       25     29    21          35            7
69.151485        14       14       25       21       23       25     29    21          35            7
70.061577        14       14       25       21       23       25     29    21          35            7
70.983647        14       15       25       21       23       25     29    21          35            7
71.917852        14       15       25       21       23       25     29    21          35            7
72.864352        14       15       25       21       23       25     29    21          35            7
73.823309        14       15       25       21       23       26     29    21          35            7
74.794886        14       15       25       21       23       26     29    21          35            7
75.779251        14       15       25       21       23       26     29    21          35            7
76.776570        14       15       25       21       23       26     29    21          35            7
77.787015        14       15       25       21       23       26     29    21          35            7
78.810758        14       15       25       21       23       26     29    21          35            7
79.847975        14       15       25       21       23       26     29    21          35            7
80.898842        14       15       25       21       23       26     29    21          35            7
81.963539        14       15       25       21       23       26     29    21          35            7
83.042249        14       15       25       21       23       26     29    21          35            7
84.135156        14       15       25       21       23       26     29    21          35            7
85.242446        14       15       25       21       23       26     29    21          35            7
86.364309        14       15       25       21       23       26     29    21          35            7
87.500937        14       15       25       21       23       26     29    21          35            7
88.652524        14       15       25       21       23       26     29    21          35            7
89.819266        14       15       25       21       23       26     29    21          35            7
91.001364        14       15       25       21       23       26     29    21          35            7
92.199019        14       15       25       21       23       26     29    21          35            7
93.412437        14       15       25       21       23       26     29    21          35            7
94.641824        14       15       25       21       23       26     29    21          35            7
95.887391        14       15       25       21       23       26     29    21          35            7
97.149350        14       15       25       21       23       26     29    21          35            7
98.427918        14       16       25       21       23       26     29    21          35            7
99.723313        14       16       25       21       23       27     29    21          35            7
101.035757       14       16       25       21       23       27     29    21          35            7
102.365473       14       16       25       21       23       27     29    21          35            7
103.712690       14       16       25       21       23       27     29    21          35            7
105.077637       14       16       25       21       23       27     29    21          35            7
106.460548       14       16       26       21       23       27     29    21          35            7
107.861660       14       16       26       21       23       27     29    21          35            7
109.281211       14       16       26       21       23       27     29    21          35            7
110.719444       14       16       26       21       23       27     29    21          35            7
112.176606       14       16       26       21       23       27     29    21          35            7
113.652946       14       16       26       21       23       27     29    21          35            7
115.148715       14       16       27       21       23       27     29    21          35            7
116.664170       14       16       27       21       23       27     29    21          35            7
118.199570       14       16       27       21       23       27     29    21          35            7
119.755177       14       16       27       21       23       27     29    21          35            7
121.331257       14       16       27       21       23       27     29    21          35            7
122.928079       14       17       27       21       23       27     30    22          35            7
124.545917       14       17       27       21       23       27     30    22          35            7
126.185047       14       17       27       21       23       27     30    22          35            7
127.845750       14       17       27       21       23       27     30    22          35            7
129.528309       14       17       27       21       23       27     30    22          35            7
131.233011       14       17       27       21       23       27     30    22          35            7
132.960149       14       17       27       21       23       27     30    22          35            7
134.710018       14       17       27       21       23       27     30    22          35            7
136.482916       14       17       27       21       23       27     30    22          35            7
138.279147       14       17       27       21       23       27     30    22          35            7
140.099018       14       17       27       21       23       27     30    22          35            7
141.942841       14       17       27       21       23       27     30    22          35            7
143.810929       14       17       27       21       23       27     30    22          35            7
145.703603       14       17       27       21       23       27     30    22          35            7
147.621186       14       17       27       21       23       27     30    22          35            7
149.564007       14       17       27       21       23       27     30    22          35            7
151.532396       14       17       27       21       23       27     30    22          35            7
153.526691       14       17       27       21       23       27     30    22          35            7
155.547233       14       17       27       21       23       27     30    22          35            7
157.594367       15       17       27       21       23       27     30    22          35            7
159.668443       15       17       27       21       23       27     30    22          35            7
161.769815       15       17       27       21       23       27     31    22          35            7
163.898843       15       17       27       21       23       27     31    22          35            7
166.055892       15       17       27       21       23       27     31    22          35            7
168.241328       15       17       27       21       23       27     31    22          35            7
170.455527       15       17       27       21       23       27     31    22          35            7
172.698867       15       17       27       21       23       27     31    22          35            7
174.971731       15       17       27       21       23       27     31    22          35            7
177.274507       15       17       27       21       24       27     31    22          35            7
179.607591       15       17       27       21       24       27     31    22          35            7
181.971379       15       17       27       21       24       27     31    22          35            7
184.366277       15       17       27       21       24       27     31    22          35            7
186.792694       15       17       27       21       24       27     31    22          35            7
189.251045       15       17       27       21       24       27     31    22          35            7
191.741749       15       17       27       21       24       27     31    22          35            7
194.265234       15       17       27       21       24       27     31    22          35            7
196.821930       15       17       27       21       24       27     31    22          35            7
199.412273       15       17       27       21       24       27     31    22          35            7
202.036708       15       17       27       21       24       27     31    22          35            7
204.695683       15       17       27       21       24       27     31    22          35            7
207.389653       15       17       27       21       24       27     31    22          35            7
210.119077       15       17       27       21       24       27     31    22          35            7
212.884422       15       17       27       21       24       27     31    22          35            7
215.686162       15       17       27       21       24       27     31    22          35            7
218.524776       15       17       27       21       24       27     31    22          35            7
221.400747       15       17       27       21       24       27     31    22          35            7
224.314569       15       17       27       21       24       27     31    22          35            7
227.266740       15       17       27       21       24       27     31    22          35            7
230.257763       15       17       27       21       24       27     31    22          35            7
233.288151       15       17       27       21       24       27     31    22          35            7
236.358422       15       17       27       21       24       27     31    22          35            7
239.469099       15       17       27       21       24       27     31    22          35            7
242.620716       15       17       27       21       24       27     31    22          35            7
245.813811       15       17       27       21       24       27     31    22          35            7
249.048930       15       17       27       21       24       27     31    22          35            7
252.326625       15       17       27       21       24       27     31    22          35            7
255.647458       15       17       27       21       24       27     31    22          35            7
259.011996       15       17       27       21       24       27     31    22          35            7
262.420814       15       17       27       21       24       27     31    22          35            7
265.874495       15       17       27       21       24       27     31    22          35            7
269.373630       15       17       27       21       24       27     31    22          35            7
272.918816       15       17       27       21       24       27     31    22          35            7
276.510659       15       17       27       21       24       27     31    22          35            7
280.149775       15       17       27       21       24       27     31    22          35            7
283.836784       15       18       27       21       24       27     31    22          35            7
287.572317       15       18       27       21       24       27     31    22          35            7
291.357013       15       18       27       21       24       27     31    22          35            7
295.191519       15       18       27       21       24       27     31    22          35            7
299.076491       15       18       27       21       24       27     31    22          35            7
303.012591       15       18       27       21       24       27     31    22          35            7
307.000495       15       18       27       21       24       27     31    22          35            7
311.040882       15       18       27       21       24       27     31    22          35            7
315.134445       15       18       27       21       24       27     31    22          35            7
319.281882       15       18       27       21       24       27     31    22          35            7
323.483903       15       18       27       21       24       27     31    22          35            7
327.741226       15       18       27       21       24       27     31    22          35            7
332.054579       15       18       27       21       24       27     31    22          35            7
336.424700       15       18       27       21       24       27     31    22          35            7
340.852335       15       18       27       21       24       27     31    22          35            7
345.338241       15       18       27       21       24       27     31    22          35            7
349.883186       15       18       27       21       24       27     31    22          35            7
354.487946       15       18       27       21       24       27     31    22          35            7
359.153309       15       18       27       21       24       27     31    22          35            7
363.880072       15       18       27       21       24       27     31    22          35            7
368.669043       15       18       27       21       24       27     31    22          35            7
373.521041       15       19       27       21       24       28     31    22          35            7
378.436895       15       19       27       21       24       28     31    22          35            7
383.417447       15       19       27       21       24       28     31    22          35            7
388.463546       15       19       27       21       24       28     31    22          35            7
393.576057       15       19       27       21       24       28     31    22          35            7
398.755852       15       19       27       21       24       28     31    22          35            7
404.003818       15       19       27       21       24       28     31    22          35            7
409.320852       15       19       27       21       24       28     31    22          35            7
414.707862       15       19       27       21       24       28     31    22          35            7
420.165770       15       19       27       21       24       28     31    22          35            7
425.695509       15       19       27       21       24       28     31    22          35            7
431.298024       15       19       27       21       24       28     31    22          35            7
436.974272       15       19       27       21       24       28     31    22          35            7
442.725225       15       19       27       21       24       28     31    22          35            7
448.551865       15       19       27       21       24       28     31    22          35            7
454.455189       15       19       27       21       24       28     31    22          35            7
460.436206       15       19       27       21       24       28     31    22          35            7
466.495938       15       19       27       21       24       28     31    22          35            7
472.635421       15       19       27       21       24       28     31    22          35            7
478.855705       15       19       27       21       24       28     31    22          35            7
485.157853       15       19       27       21       24       28     31    22          35            7
491.542943       15       20       27       21       24       28     31    22          35            7
498.012066       15       20       27       21       24       28     31    22          35            7
504.566328       15       20       27       21       24       28     31    22          35            7
511.206850       15       20       27       21       24       28     31    22          35            7
517.934766       15       20       27       21       24       28     31    23          35            8
524.751228       15       20       27       21       24       28     31    23          35            8
531.657400       15       20       27       21       24       28     31    23          35            8
538.654464       15       20       27       21       24       28     31    23          35            8
545.743614       15       20       27       21       24       28     31    23          35            8
552.926064       15       20       27       21       24       28     31    23          35            8
560.203041       15       20       27       21       24       28     31    23          35            8
567.575790       15       20       27       21       24       28     31    23          35            8
575.045570       15       20       27       21       24       28     31    23          35            8
582.613658       15       20       27       21       24       28     31    23          35            8
590.281349       15       20       27       21       24       28     31    23          35            8
598.049953       15       20       27       21       24       28     31    23          35            8
605.920799       15       20       27       21       24       28     31    23          35            8
613.895232       15       20       27       21       24       28     31    23          35            8
621.974615       15       20       27       21       24       28     31    23          35            8
630.160330       15       20       27       21       24       28     31    23          35            8
638.453775       15       20       27       21       24       28     31    23          35            8
646.856370       15       20       27       21       24       28     31    23          35            8
655.369550       15       20       27       21       24       28     31    23          35            8
663.994770       15       20       27       21       24       28     31    23          35            8
672.733506       15       20       27       21       24       28     31    24          35            8
681.587250       15       20       27       21       24       28     32    24          35            8
