                          SHOTcq0   SHOTcq1   SHOTcq2   SHOThq0   SHOThq1   SHOThq2         baron    gurobi      scip  virt. best  virt. worst
CCPOP5_100               0.183550  0.823204  0.000000  0.191629  0.000000  0.000000  0.000000e+00  0.000000  0.000000    0.000000     0.823204
CCPOP5_186               0.649734  0.497417  0.104125  0.912698  0.264386  0.332589  0.000000e+00  0.000930  0.413302    0.000000     0.912698
CCPOP5_20                0.001170  0.000000  0.000000  0.000000  0.000000  0.000000  3.827284e-05  0.000038  0.000038    0.000000     0.001170
CCPOP5_219               0.630358  1.068387  0.612280  0.796606  0.284450  0.285191  1.573799e-02  0.000999  0.423024    0.000999     1.068387
CCPOP5_300               0.772638  1.251029  0.501832  0.777536  0.372561  0.324460  1.603156e-01  0.160335  0.160335    0.160316     1.251029
CCPOP5_50                0.005671  0.000000  0.000000  0.094072  0.000000  0.000000  9.712202e-04  0.000971  0.000971    0.000000     0.094072
CCPOPwTCRTEaD5_20        0.000000  0.000000  0.000000  0.000000  0.000000  0.000000  9.940989e-04  0.000994  0.000994    0.000000     0.000994
CCPOPwTCRTEaD5_50        0.235739  0.000000  0.000000  0.540228  0.000000  0.000000  9.483580e-04  0.000948  0.000948    0.000000     0.540228
CCPOPwTCaD5_20           2.000000  0.000000  0.000000  0.000000  0.656659  0.000000  0.000000e+00  0.000000  0.000000    0.000000     2.000000
CCPOPwTCaD5_300          2.000000  2.000000  2.000000  2.000000  2.000000  2.000000  2.000000e+00  2.000000  2.000000    2.000000     2.000000
CCPOPwTCaD5_50           2.000000  2.000000  2.000000  2.000000  2.000000  2.000000  2.000000e+00  2.000000  2.000000    2.000000     2.000000
CCPOPwTCaRL5_165         0.000000  0.000000  0.000000  0.000000  0.000000  0.000000  9.207817e-04  0.000921  0.000921    0.000000     0.000921
CCPOPwTCaRL5_308         0.000000  0.000000  0.000000  0.000000  0.000000  0.000000  0.000000e+00  0.000000  0.000000    0.000000     0.000000
CCPOPwTCaRL5_50          0.000000  0.000000  0.000000  0.000000  0.000000  0.000000  0.000000e+00  0.000000  0.000000    0.000000     0.000000
CCPOPwTCaRL5_538         0.000000  0.000000  0.000000  0.000000  0.000000  0.000000  0.000000e+00  0.000037  0.000304    0.000000     0.000304
MPCCPOP12_10             0.549053  0.000000  0.000000  1.134228  0.012124  0.016682  0.000000e+00  0.000000  0.000000    0.000000     1.134228
MPCCPOP12_50             2.000000  0.894042  0.295017  2.000000  2.000000  2.000000  7.471578e-01  0.747158  0.747158    0.295017     2.000000
MPCCPOP_crypto8_1mo_5d   0.000000  0.000000  0.000000  0.000000  0.023072  0.000000  0.000000e+00  0.000000  0.000000    0.000000     0.023072
MPCCPOP_crypto8_30d_90m  0.012735  0.000000  0.000000  0.014826  0.000000  0.000000  0.000000e+00  0.000875  0.029180    0.000000     0.029180
RPOPwCaTC5_50            0.000000  0.000000  0.000000  0.000000  0.000000  0.000000  5.595566e-03  0.015441  0.018592    0.000000     0.018592
SaCCDPOP5_3_115          0.042539  0.037004  0.068081  0.007191  0.002629  0.006074  0.000000e+00  0.000985  0.837099    0.000000     0.837099
SaCCDPOP5_3_17           0.000000  0.000000  0.000000  0.000000  0.000000  0.000000  0.000000e+00  0.000271  0.000873    0.000000     0.000873
SaCCDPOP5_3_326          0.062074  0.055189  0.056796  0.001939  0.002622  0.002703  0.000000e+00  0.000757  0.792496    0.000000     0.792496
SaCCDPOP5_3_61           0.014519  0.029234  0.064298  0.000000  0.000000  0.000000  0.000000e+00  0.000983  0.844578    0.000000     0.844578
ball_mk4_05              0.000000  0.000000  0.000000  0.000000  0.000000  0.000000  0.000000e+00  0.000000  0.000000    0.000000     0.000000
ball_mk4_15              2.000000  2.000000  0.000000  2.000000  0.000000  0.000000  0.000000e+00  2.000000  2.000000    0.000000     2.000000
color_lab2_4x0           1.629920  0.423705  0.376018  1.574434  1.269205  0.333629  2.494682e-01  0.243636  2.000000    0.243636     2.000000
color_lab6b_4x20         2.000000  2.000000  2.000000  2.000000  2.000000  2.000000  2.000000e+00  2.000000  2.000000    2.000000     2.000000
meanvar-orl400_05_e_8    0.000000  0.001308  0.000000  0.007440  0.000000  0.000000  3.295250e-08  0.000948  0.000392    0.000000     0.007440
nvs11                    0.000000  0.004300  0.004681  0.000000  0.000000  0.000000  0.000000e+00  0.000000  0.000852    0.000000     0.004681
pedigree_ex485_2         0.000000  0.000000  0.000000  0.002792  0.000000  0.000000  0.000000e+00  0.000843  0.000972    0.000000     0.002792
pedigree_ex485           0.255421  0.083015  0.002266  2.000000  2.000000  0.000000  0.000000e+00  0.000994  0.000000    0.000000     2.000000
pedigree_sim2000         0.388626  0.034223  0.025651  0.411118  0.014124  0.004506  2.000000e+00  0.000880  0.014708    0.000880     2.000000
pedigree_sim400          0.179099  0.005177  0.008196  0.035331  0.047868  0.004287  1.263607e-02  0.000715  0.025246    0.000715     0.179099
pedigree_sp_top4_250     0.950296  0.151742  0.000000  0.056813  0.086505  0.000000  0.000000e+00  0.000639  0.000000    0.000000     0.950296
pedigree_sp_top4_300     0.750103  0.080402  0.000000  0.329727  0.129126  0.000000  0.000000e+00  0.000972  0.000618    0.000000     0.750103
pedigree_sp_top4_350tr   0.593405  0.150823  0.000000  0.352476  0.171336  0.000000  0.000000e+00  0.000991  0.000856    0.000000     0.593405
pedigree_sp_top5_200     1.200647  0.108884  0.000000  0.278512  0.220503  0.000000  0.000000e+00  0.001000  0.024112    0.000000     1.200647
pedigree_sp_top5_250     0.960356  0.091692  0.000000  0.296023  0.079781  0.000000  0.000000e+00  0.000965  0.000000    0.000000     0.960356
watercontamination0202r  2.000000  0.000000  0.000000  0.000000  0.000000  0.000000  0.000000e+00  0.000000  2.000000    0.000000     2.000000
