Absolute performance profile for SolverTime
Filter: gap <= 0.102% and not failed
            SHOTcq0  SHOTcq1  SHOTcq2  SHOThq0  SHOThq1  SHOThq2  baron  scip  virt. best  virt. worst
0.019000          0        0        0        0        0        0      0     1           1            0
0.622492          7        5        6       12        8        8      9    10          15            2
1.225984          9        7        8       12        9        9     13    11          19            4
1.829476         10        8        8       13       12        9     14    12          20            4
2.432968         10        8       10       14       12       11     16    12          21            5
3.036459         10        8       10       15       12       11     17    12          22            5
3.639951         11        9       13       15       12       11     17    12          23            5
4.243443         12        9       14       15       12       11     17    12          24            5
4.846935         12        9       14       15       12       12     18    13          24            5
5.450427         12       10       14       15       13       13     18    13          24            5
6.053919         12       10       14       16       13       13     18    13          24            5
6.657411         12       10       15       17       14       14     18    13          25            5
7.260903         12       10       15       17       14       14     18    13          25            5
7.864394         12       10       15       17       15       14     19    14          26            5
8.467886         12       10       15       18       15       14     19    14          26            5
9.071378         12       10       16       18       15       14     19    14          26            5
9.674870         12       10       16       18       15       15     19    14          26            5
10.278362        13       10       18       18       16       15     19    14          26            5
10.881854        13       10       18       18       16       17     21    15          27            5
11.485346        13       10       18       18       17       18     21    15          27            5
12.088838        13       10       19       19       17       18     21    15          27            5
12.692329        13       10       19       19       17       18     21    15          27            5
13.295821        13       10       19       19       17       18     22    15          27            5
13.899313        13       11       19       19       17       18     22    15          27            5
14.502805        13       11       19       19       17       18     22    15          27            5
15.106297        13       11       19       20       17       18     22    15          27            5
15.709789        13       11       19       20       18       19     22    15          27            5
16.313281        13       12       19       20       18       19     22    15          27            5
16.916773        13       12       19       20       18       19     22    15          27            5
17.520265        13       12       19       20       18       20     22    15          27            5
18.123756        13       12       19       20       19       20     22    15          27            5
18.727248        13       13       19       20       19       20     22    15          27            5
19.330740        13       14       19       20       19       20     22    15          27            5
19.934232        13       14       19       20       19       20     22    15          27            5
20.537724        13       14       19       20       19       20     22    15          27            5
21.141216        13       14       19       20       19       20     22    15          27            5
21.744708        13       14       19       20       19       20     22    15          27            5
22.348200        13       14       19       20       19       20     22    15          27            5
22.951691        13       14       20       20       19       20     22    15          27            5
23.555183        13       14       20       20       19       20     22    15          27            5
24.158675        13       15       20       20       19       20     22    15          27            5
24.762167        13       15       20       20       20       20     22    15          27            5
25.365659        13       15       20       20       20       21     22    15          27            5
25.969151        13       15       20       20       20       21     22    15          27            5
26.572643        13       15       20       20       20       21     22    15          27            5
27.176135        13       15       20       20       20       21     22    15          27            5
27.779626        13       15       20       20       20       21     22    15          27            5
28.383118        13       15       20       20       20       21     23    15          28            5
28.986610        13       15       20       20       20       21     23    15          28            5
29.590102        13       15       20       20       20       21     23    15          28            5
30.193594        13       15       20       20       20       21     23    17          29            5
30.797086        13       15       20       20       20       21     24    17          30            5
31.400578        13       15       20       20       20       21     24    17          30            5
32.004070        14       15       20       20       20       21     24    17          30            5
32.607562        14       15       20       20       20       22     24    17          31            5
33.211053        14       15       20       20       20       22     24    17          31            5
33.814545        14       15       20       20       20       22     24    17          31            5
34.418037        14       15       20       20       20       22     24    17          31            5
35.021529        14       15       20       20       20       22     24    17          31            5
35.625021        14       15       20       20       20       22     24    17          31            5
36.228513        14       15       20       20       20       22     24    17          31            5
36.832005        14       15       20       20       20       22     25    17          31            5
37.435497        14       15       20       20       20       22     25    18          31            5
38.038988        14       15       20       20       20       22     25    18          31            5
38.642480        14       15       20       20       21       22     25    18          31            6
39.245972        14       15       20       20       22       22     26    18          31            7
39.849464        14       15       20       20       22       22     26    18          31            7
40.452956        14       15       20       20       22       22     26    18          31            7
41.056448        14       15       20       20       22       22     26    18          31            7
41.659940        14       15       20       20       22       22     26    18          31            7
42.263432        14       15       20       20       22       22     26    18          31            7
42.866923        14       15       20       20       22       22     26    18          31            7
43.470415        14       15       20       20       22       22     26    18          31            7
44.073907        14       15       20       20       22       22     26    18          31            7
44.677399        14       15       20       20       22       22     26    19          31            7
45.280891        14       15       20       20       22       23     26    19          31            7
45.884383        14       15       20       20       22       23     26    19          31            7
46.487875        14       15       20       20       22       23     26    19          31            7
47.091367        14       15       20       20       22       23     26    19          31            7
47.694859        14       15       20       20       22       23     26    19          31            7
48.298350        14       15       20       20       22       23     26    19          31            7
48.901842        14       15       20       20       22       23     26    19          31            7
49.505334        14       15       20       20       22       23     26    19          31            7
50.108826        14       15       21       20       22       24     26    19          32            7
50.712318        14       15       21       20       22       24     26    19          32            7
51.315810        14       15       21       20       22       24     26    19          32            7
51.919302        14       16       21       20       22       24     26    19          32            7
52.522794        14       16       21       20       22       25     26    19          33            7
53.126285        14       16       21       20       22       25     26    19          33            7
53.729777        14       16       21       20       22       25     26    19          33            7
54.333269        14       16       21       20       22       25     26    19          33            7
54.936761        14       16       21       20       22       26     26    19          33            7
55.540253        14       16       21       20       22       26     26    19          33            7
56.143745        14       16       21       20       22       26     26    19          33            7
56.747237        14       16       21       20       22       26     26    19          33            7
57.350729        14       16       21       20       22       26     26    19          33            7
57.954220        14       16       21       20       22       26     26    19          33            7
58.557712        14       16       21       20       22       26     26    19          33            7
59.161204        14       16       21       20       22       26     26    19          33            7
59.764696        14       16       21       20       22       26     26    19          33            7
60.368188        14       16       21       20       22       26     27    19          33            7
60.971680        14       16       21       20       22       26     27    19          33            7
61.575172        14       16       21       20       22       26     27    19          33            7
62.178664        14       16       21       20       22       26     27    19          33            7
62.782156        14       16       21       20       22       26     27    19          33            7
63.385647        14       16       21       20       22       26     27    19          33            7
63.989139        15       16       21       20       22       27     27    19          33            7
64.592631        15       16       22       20       22       27     27    19          33            7
65.196123        15       16       22       20       22       27     27    19          33            7
65.799615        15       16       22       20       22       27     27    19          33            7
66.403107        15       16       22       20       22       27     27    19          33            7
67.006599        15       16       22       20       22       27     27    19          33            7
67.610091        15       16       22       20       22       27     27    19          33            7
68.213582        15       16       22       20       22       27     27    19          33            7
68.817074        15       16       22       20       22       27     27    19          33            7
69.420566        15       16       22       20       22       27     27    19          33            7
70.024058        15       16       22       20       22       27     27    19          33            7
70.627550        15       16       22       20       22       27     27    19          33            7
71.231042        15       16       22       20       22       27     27    19          33            7
71.834534        15       16       22       20       22       27     27    19          33            7
72.438026        15       16       22       20       22       27     27    19          33            7
73.041518        15       16       22       20       22       27     27    19          33            7
73.645009        15       16       22       20       22       27     27    19          33            7
74.248501        15       17       22       20       22       27     27    19          33            7
74.851993        15       17       22       20       22       27     27    19          33            7
75.455485        15       17       22       20       22       27     27    19          33            7
76.058977        15       17       22       20       22       27     27    19          33            7
76.662469        15       17       22       20       22       27     27    19          33            7
77.265961        15       17       22       20       22       27     27    20          34            7
77.869453        15       17       22       20       22       27     27    20          34            7
78.472944        15       17       22       20       22       27     27    20          34            7
79.076436        15       17       22       20       22       27     27    20          34            7
79.679928        15       17       22       20       22       27     27    20          34            7
80.283420        15       17       22       20       22       27     27    20          34            7
80.886912        15       17       22       20       22       27     27    20          34            7
81.490404        15       17       23       20       22       27     27    20          34            7
82.093896        15       17       23       20       22       27     27    20          34            7
82.697388        15       17       23       20       22       27     27    20          34            7
83.300879        15       17       23       20       22       27     27    20          34            7
83.904371        15       17       23       20       22       27     27    20          34            7
84.507863        15       18       23       20       22       27     27    20          34            7
85.111355        15       18       23       20       22       27     27    20          34            7
85.714847        15       18       23       20       22       27     27    20          34            7
86.318339        15       18       23       20       22       27     27    20          34            7
86.921831        15       18       23       20       22       27     27    20          34            7
87.525323        15       18       23       20       22       27     27    20          34            7
88.128815        15       18       23       20       22       27     27    20          34            7
88.732306        15       18       23       20       22       27     27    20          34            7
89.335798        15       18       23       20       22       27     27    20          34            7
89.939290        15       18       23       20       22       27     28    20          34            7
90.542782        15       18       23       20       22       27     28    20          34            7
91.146274        15       18       23       20       22       27     28    20          34            7
91.749766        15       18       24       20       22       27     28    20          34            7
92.353258        15       18       24       20       22       27     28    20          34            7
92.956750        15       18       24       20       22       27     28    20          34            7
93.560241        15       18       24       20       22       27     28    20          34            7
94.163733        15       18       24       20       22       27     28    20          34            7
94.767225        15       18       24       20       22       27     28    20          34            7
95.370717        15       18       24       20       22       27     28    20          34            7
95.974209        15       18       24       20       22       27     28    20          34            7
96.577701        15       18       24       20       22       27     28    20          34            7
97.181193        15       18       24       20       22       27     28    20          34            7
97.784685        15       18       24       20       22       27     28    20          34            7
98.388176        15       18       24       20       22       27     28    20          34            7
98.991668        15       18       24       20       22       27     28    20          34            7
99.595160        15       18       24       20       22       27     28    20          34            7
100.198652       15       18       24       20       22       27     28    20          34            7
100.802144       15       18       24       20       22       27     28    20          34            7
101.405636       15       18       24       20       22       27     29    20          34            7
102.009128       15       18       24       20       22       27     29    20          34            7
102.612620       15       18       24       20       22       27     29    20          34            7
103.216112       15       18       24       20       22       27     29    21          34            8
103.819603       15       18       24       20       22       27     29    21          34            8
104.423095       15       18       24       20       22       27     29    21          34            8
105.026587       15       18       24       20       22       27     29    21          34            8
105.630079       15       18       24       20       22       27     29    21          34            8
106.233571       15       18       24       20       22       27     29    21          34            8
106.837063       15       18       24       20       22       27     29    21          34            8
107.440555       15       18       24       20       22       27     29    21          34            8
108.044047       15       18       24       20       22       27     29    21          34            8
108.647538       15       18       24       20       22       27     29    21          34            8
109.251030       15       18       25       20       22       27     29    21          34            8
109.854522       15       18       25       20       22       27     29    21          34            8
110.458014       15       18       25       20       22       27     29    21          34            8
111.061506       15       18       25       20       22       27     29    21          34            8
111.664998       15       18       25       20       22       27     29    21          34            8
112.268490       15       18       25       20       22       27     29    21          34            8
112.871982       15       18       25       20       22       27     29    21          34            8
113.475473       15       18       25       20       22       27     29    21          34            8
114.078965       15       18       25       20       22       27     29    21          34            8
114.682457       15       18       25       20       22       27     29    21          34            8
115.285949       15       18       25       20       22       27     29    22          34            8
115.889441       15       18       25       20       22       27     29    22          34            8
116.492933       15       18       25       20       22       27     29    22          34            8
117.096425       15       18       25       20       22       27     29    22          34            8
117.699917       15       18       25       20       22       27     29    22          34            8
118.303409       15       18       25       20       22       27     30    22          34            8
118.906900       15       18       25       20       22       27     30    22          34            8
119.510392       15       18       25       20       22       27     30    22          34            8
120.113884       15       18       25       20       22       27     30    22          34            8
120.717376       15       18       25       20       22       27     30    22          34            8
121.320868       15       18       25       20       22       27     30    22          34            8
121.924360       15       18       25       20       22       27     30    22          34            8
122.527852       15       18       25       20       22       27     30    22          34            8
123.131344       15       18       25       20       22       27     30    22          34            8
123.734835       15       18       25       20       22       27     30    22          34            8
124.338327       15       18       25       20       22       27     30    22          34            8
124.941819       15       18       25       20       22       27     30    22          34            8
125.545311       15       18       26       20       22       27     30    22          34            8
126.148803       15       18       26       20       22       27     30    22          34            8
126.752295       15       18       26       20       22       27     31    22          35            8
127.355787       15       18       26       20       22       27     31    23          35            8
127.959279       15       18       26       20       22       27     31    23          35            8
128.562770       15       18       26       20       22       27     31    23          35            8
129.166262       15       18       26       20       22       27     31    23          35            8
129.769754       15       18       26       20       22       27     31    23          35            8
130.373246       15       18       26       20       22       27     31    23          35            8
130.976738       15       18       26       20       22       27     31    23          35            8
131.580230       15       18       26       20       22       27     31    23          35            8
132.183722       15       18       26       20       22       27     31    23          35            8
132.787214       15       18       26       20       22       27     31    23          35            8
133.390706       15       18       26       20       22       27     31    23          35            8
133.994197       15       18       26       20       22       27     31    23          35            8
134.597689       15       18       26       20       22       27     31    23          35            8
135.201181       15       18       26       20       22       27     31    23          35            8
135.804673       15       18       26       20       22       27     31    23          35            8
136.408165       15       18       26       20       22       27     31    24          35            8
137.011657       15       18       26       20       22       27     31    24          35            8
137.615149       15       18       26       20       22       27     31    24          35            8
138.218641       15       18       26       20       23       27     31    24          35            8
138.822132       15       18       26       20       23       27     31    24          35            8
139.425624       15       18       26       20       23       27     31    24          35            8
140.029116       15       18       26       20       23       27     31    24          35            8
140.632608       15       18       26       20       23       27     31    24          35            8
141.236100       15       18       26       20       23       27     31    24          35            8
141.839592       15       18       26       20       23       27     31    24          35            8
142.443084       15       18       26       20       23       27     31    24          35            8
143.046576       15       18       26       20       23       27     31    24          35            8
143.650067       15       18       26       20       23       27     31    24          35            8
144.253559       15       18       26       20       23       27     31    24          35            8
144.857051       15       18       26       20       23       27     31    24          35            8
145.460543       15       18       26       20       23       27     31    24          35            8
146.064035       15       18       26       20       23       27     31    24          35            8
146.667527       15       18       26       20       23       27     31    24          35            8
147.271019       15       18       26       20       23       27     31    24          35            8
147.874511       15       18       26       20       23       27     31    24          35            8
148.478003       15       18       26       20       23       27     31    24          35            8
149.081494       15       18       26       20       23       27     31    24          35            8
149.684986       15       18       26       20       23       27     31    24          35            8
150.288478       15       18       26       20       23       27     31    24          35            8
150.891970       15       18       26       20       23       27     31    24          35            8
151.495462       15       18       26       20       23       27     31    24          35            8
152.098954       15       18       26       20       23       27     31    24          35            8
152.702446       15       18       26       20       23       27     31    24          35            8
153.305938       15       18       26       20       23       27     31    24          35            8
153.909429       15       18       26       20       23       27     31    24          35            8
154.512921       15       18       26       20       23       27     31    24          35            8
155.116413       15       18       26       20       23       27     31    24          35            8
155.719905       15       18       26       20       23       27     31    24          35            8
156.323397       15       18       26       20       23       27     31    24          35            8
156.926889       15       18       26       20       23       27     31    24          35            8
157.530381       15       18       26       20       23       27     31    24          35            8
158.133873       15       18       26       20       23       27     31    24          35            8
158.737364       15       18       26       20       23       27     31    24          35            8
159.340856       15       18       26       20       23       27     31    24          35            8
159.944348       15       18       26       20       24       27     31    24          35            8
160.547840       15       18       26       20       24       27     31    24          35            8
161.151332       15       18       26       20       24       27     31    24          35            8
161.754824       15       18       26       20       24       27     31    24          35            8
162.358316       15       18       26       20       24       27     31    24          35            8
162.961808       15       19       26       20       24       27     31    24          35            8
163.565300       15       19       26       20       24       27     31    24          35            8
164.168791       15       19       26       20       24       27     31    24          35            8
164.772283       15       19       26       20       24       27     31    24          35            8
165.375775       15       19       26       20       24       27     31    24          35            8
165.979267       15       19       26       20       24       27     31    24          35            8
166.582759       15       19       26       20       24       27     31    24          35            8
167.186251       15       19       26       20       24       27     31    24          35            8
167.789743       15       19       26       20       24       27     31    24          35            8
168.393235       15       19       26       20       24       27     31    24          35            8
168.996726       15       19       26       20       24       27     31    24          35            8
169.600218       15       19       26       20       24       27     31    24          35            8
170.203710       15       19       26       20       24       27     31    24          35            8
170.807202       15       19       26       20       24       27     31    24          35            8
171.410694       15       19       26       20       24       27     31    24          35            8
172.014186       15       19       26       20       24       27     31    24          35            8
172.617678       15       19       26       20       24       27     31    24          35            8
173.221170       15       19       26       20       24       27     31    24          35            8
173.824661       15       19       26       20       24       27     31    24          35            8
174.428153       15       19       26       20       24       27     31    24          35            8
175.031645       15       19       26       20       24       27     31    24          35            8
175.635137       15       19       26       20       24       27     31    24          35            8
176.238629       15       19       26       20       24       27     31    24          35            8
176.842121       15       19       26       20       24       27     31    24          35            8
177.445613       15       19       26       20       24       27     31    24          35            8
178.049105       15       19       26       20       24       27     31    24          35            8
178.652597       15       19       26       20       24       27     31    24          35            8
179.256088       15       19       26       20       24       27     31    24          35            8
179.859580       15       19       26       20       24       27     31    24          35            8
180.463072       15       19       26       20       24       27     31    24          35            8
181.066564       15       19       26       20       24       27     31    24          35            8
181.670056       15       19       26       20       24       27     31    24          35            8
182.273548       15       19       26       20       24       27     31    24          35            8
182.877040       15       19       26       20       24       27     31    24          35            8
183.480532       15       19       26       20       24       27     31    24          35            8
184.084023       15       19       26       20       24       27     31    24          35            8
184.687515       15       19       27       20       24       27     31    24          35            8
185.291007       15       19       27       20       24       27     31    24          35            8
185.894499       15       19       27       20       24       27     31    24          35            8
186.497991       15       19       27       20       24       27     31    24          35            8
187.101483       15       19       27       20       24       27     31    24          35            8
187.704975       15       19       27       20       24       27     31    24          35            8
188.308467       15       19       27       20       24       27     31    24          35            8
188.911959       15       19       27       20       24       27     31    24          35            8
189.515450       15       19       27       20       24       27     31    24          35            8
190.118942       15       19       27       20       24       27     31    24          35            8
190.722434       15       19       27       20       24       27     31    24          35            8
191.325926       15       19       27       20       24       27     31    24          35            8
191.929418       15       19       27       20       24       27     31    24          35            8
192.532910       15       19       27       20       24       27     31    24          35            8
193.136402       15       19       27       20       24       27     31    24          35            8
193.739894       15       19       27       20       24       27     31    24          35            8
194.343385       15       19       27       20       24       27     31    24          35            8
194.946877       15       19       27       20       24       27     31    24          35            8
195.550369       15       19       27       20       24       27     31    24          35            8
196.153861       15       19       27       20       24       27     31    24          35            8
196.757353       15       19       27       20       24       27     31    24          35            8
197.360845       15       19       27       20       24       27     31    24          35            8
197.964337       15       19       27       20       24       27     31    24          35            8
198.567829       15       19       27       20       24       27     31    24          35            8
199.171320       15       19       27       20       24       27     31    24          35            8
199.774812       15       19       27       20       24       27     31    24          35            8
200.378304       15       19       27       20       24       27     31    24          35            8
200.981796       15       19       27       20       24       27     31    24          35            8
201.585288       15       19       27       20       24       27     31    24          35            8
202.188780       15       19       27       20       24       27     31    24          35            8
202.792272       15       19       27       20       24       27     31    24          35            8
203.395764       15       19       27       20       24       27     31    24          35            8
203.999256       15       19       27       20       24       27     31    24          35            8
204.602747       15       19       27       20       24       27     31    24          35            8
205.206239       15       19       27       20       24       27     31    24          35            8
205.809731       15       19       27       20       24       27     31    24          35            8
206.413223       15       19       27       20       24       27     31    24          35            8
207.016715       15       19       27       20       24       27     31    24          35            8
207.620207       15       19       27       20       24       27     31    24          35            8
208.223699       15       19       27       20       24       27     31    24          35            8
208.827191       15       19       27       20       24       27     31    24          35            8
209.430682       15       19       27       20       24       27     31    24          35            8
210.034174       15       19       27       20       24       27     31    24          35            8
210.637666       15       19       27       20       24       27     31    24          35            8
211.241158       15       19       27       20       24       27     31    24          35            8
211.844650       15       19       27       20       24       27     31    24          35            8
212.448142       15       19       27       20       24       27     31    24          35            8
213.051634       15       19       27       20       24       27     31    24          35            8
213.655126       15       19       27       20       24       27     31    24          35            8
214.258617       15       19       27       20       24       27     31    24          35            8
214.862109       15       19       27       20       24       27     31    24          35            8
215.465601       15       19       27       20       24       27     31    24          35            8
216.069093       15       19       27       20       24       27     31    24          35            8
216.672585       15       19       27       20       24       27     31    24          35            8
217.276077       15       19       27       20       24       27     31    24          35            8
217.879569       15       19       27       20       24       27     31    24          35            8
218.483061       15       19       27       20       24       27     31    24          35            8
219.086553       15       19       27       20       24       27     31    24          35            8
219.690044       15       19       27       20       24       27     31    24          35            8
220.293536       15       19       27       20       24       27     31    24          35            8
220.897028       15       19       27       20       24       27     31    24          35            8
221.500520       15       19       27       20       24       27     31    24          35            8
222.104012       15       19       27       20       24       27     31    24          35            8
222.707504       15       19       27       20       24       27     31    24          35            8
223.310996       15       19       27       20       24       27     31    24          35            8
223.914488       15       19       27       20       24       27     31    24          35            8
224.517979       15       19       27       20       24       27     31    24          35            8
225.121471       15       19       27       20       24       27     31    24          35            8
225.724963       15       19       27       20       24       27     31    24          35            8
226.328455       15       19       27       20       24       27     31    24          35            8
226.931947       15       19       27       20       24       27     31    24          35            8
227.535439       15       19       27       20       24       27     31    24          35            8
228.138931       15       19       27       20       24       27     31    24          35            8
228.742423       15       19       27       21       24       27     31    24          35            8
229.345914       15       19       27       21       24       27     31    24          35            8
229.949406       15       19       27       21       24       27     31    24          35            8
230.552898       15       19       27       21       24       27     31    24          35            8
231.156390       15       19       27       21       24       27     31    24          35            8
231.759882       15       19       27       21       24       27     31    24          35            8
232.363374       15       19       27       21       24       27     31    24          35            8
232.966866       15       19       27       21       24       27     31    24          35            8
233.570358       15       19       27       21       24       27     31    24          35            8
234.173850       15       19       27       21       24       27     31    24          35            8
234.777341       15       19       27       21       24       27     31    24          35            8
235.380833       15       19       27       21       24       27     31    24          35            8
235.984325       15       19       27       21       24       27     31    24          35            8
236.587817       15       19       27       21       24       27     31    24          35            8
237.191309       15       19       27       21       24       27     31    24          35            8
237.794801       15       19       27       21       24       27     31    24          35            8
238.398293       15       19       27       21       24       27     31    24          35            8
239.001785       15       19       27       21       24       27     31    24          35            8
239.605276       15       19       27       21       24       27     31    24          35            8
240.208768       15       19       27       21       24       27     31    24          35            8
240.812260       15       19       27       21       24       28     31    24          35            8
241.415752       15       19       27       21       24       28     32    24          35            8
242.019244       15       19       27       21       24       28     32    24          35            8
242.622736       15       19       27       21       24       28     32    24          35            8
243.226228       15       19       27       21       24       28     32    24          35            8
243.829720       15       19       27       21       24       28     32    24          35            8
244.433211       15       19       27       21       24       28     32    24          35            8
245.036703       15       19       27       21       24       28     32    24          35            8
245.640195       15       19       27       21       24       28     32    24          35            8
246.243687       15       19       27       21       24       28     32    24          35            8
246.847179       15       19       27       21       24       28     32    24          35            8
247.450671       15       19       27       21       24       28     32    24          35            8
248.054163       15       19       27       21       24       28     32    24          35            8
248.657655       15       19       27       21       24       28     32    24          35            8
249.261147       15       19       27       21       24       28     32    24          35            8
249.864638       15       19       27       21       24       28     32    24          35            8
250.468130       15       19       27       21       24       28     32    24          35            8
251.071622       15       19       27       21       24       28     32    24          35            8
251.675114       15       19       27       21       24       28     32    24          35            8
252.278606       15       19       27       21       24       28     32    24          35            8
252.882098       15       19       27       21       24       28     32    24          35            8
253.485590       15       19       27       21       24       28     32    24          35            8
254.089082       15       19       27       21       24       28     32    24          35            8
254.692573       15       19       27       21       24       28     32    24          35            8
255.296065       15       19       27       21       24       28     32    24          35            8
255.899557       15       19       27       21       24       28     32    24          35            8
256.503049       15       19       27       21       24       28     32    24          35            8
257.106541       15       19       27       21       24       28     32    24          35            8
257.710033       15       19       27       21       24       28     32    24          35            8
258.313525       15       19       27       21       24       28     32    24          35            8
258.917017       15       19       27       21       24       28     32    24          35            8
259.520508       15       19       27       21       24       28     32    24          35            8
260.124000       15       19       27       21       24       28     32    24          35            8
260.727492       15       19       27       21       24       28     32    24          35            8
261.330984       15       19       27       21       24       28     32    24          35            8
261.934476       15       19       27       21       24       28     32    24          35            8
262.537968       15       19       27       21       24       28     32    24          35            8
263.141460       15       19       27       21       24       28     32    24          35            8
263.744952       15       19       27       21       24       28     32    24          35            8
264.348444       15       19       27       21       24       28     32    24          35            8
264.951935       15       19       27       21       24       28     32    24          35            8
265.555427       15       19       27       21       24       28     32    24          35            8
266.158919       15       19       27       21       24       28     32    24          35            8
266.762411       15       19       27       21       24       28     32    24          35            8
267.365903       15       19       27       21       24       28     32    24          35            8
267.969395       15       19       27       21       24       28     32    24          35            8
268.572887       15       19       27       21       24       28     32    24          35            8
269.176379       15       19       27       21       24       28     32    24          35            8
269.779870       15       19       27       21       24       28     32    24          35            8
270.383362       15       19       27       21       24       28     32    24          35            8
270.986854       15       19       27       21       24       28     32    24          35            8
271.590346       15       19       27       21       24       28     32    24          35            8
272.193838       15       19       27       21       24       28     32    24          35            8
272.797330       15       19       27       21       24       28     32    24          35            8
273.400822       15       19       27       21       24       28     32    24          35            8
274.004314       15       19       27       21       24       28     32    24          35            8
274.607805       15       19       27       21       24       28     32    24          35            8
275.211297       15       19       27       21       24       28     32    24          35            8
275.814789       15       19       27       21       24       28     32    24          35            8
276.418281       15       19       27       21       24       28     32    24          35            8
277.021773       15       19       27       21       24       28     32    24          35            8
277.625265       15       19       27       21       24       28     32    24          35            8
278.228757       15       19       27       21       24       28     32    24          35            8
278.832249       15       19       27       21       24       28     32    24          35            8
279.435741       15       19       27       21       24       28     32    24          35            8
280.039232       15       19       27       21       24       28     32    24          35            8
280.642724       15       19       27       21       24       28     32    24          35            8
281.246216       15       19       27       21       24       28     32    24          35            8
281.849708       15       19       27       21       24       28     32    24          35            8
282.453200       15       19       27       21       24       28     32    24          35            8
283.056692       15       19       27       21       24       28     32    24          35            8
283.660184       15       19       27       21       24       28     32    24          35            8
284.263676       15       19       27       21       24       28     32    24          35            8
284.867167       15       19       27       21       24       28     32    24          35            8
285.470659       15       19       27       21       24       28     32    24          35            8
286.074151       15       19       27       21       24       28     32    24          35            8
286.677643       15       19       27       21       24       28     32    24          35            8
287.281135       15       19       27       21       24       28     32    24          35            8
287.884627       15       19       27       21       24       28     32    24          35            8
288.488119       15       19       27       21       24       28     32    24          35            8
289.091611       15       19       27       21       24       28     32    24          35            8
289.695102       15       19       27       21       24       28     32    24          35            8
290.298594       15       19       27       21       24       28     32    24          35            8
290.902086       15       19       27       21       24       28     32    24          35            8
291.505578       15       19       27       21       24       28     32    24          35            8
292.109070       15       19       27       21       24       28     32    24          35            8
292.712562       15       19       27       21       24       28     32    24          35            8
293.316054       15       19       27       21       24       28     32    24          35            8
293.919546       15       19       27       21       24       28     32    24          35            8
294.523038       15       19       27       21       24       28     32    24          35            8
295.126529       15       19       27       21       24       28     32    24          35            8
295.730021       15       19       27       21       24       28     32    24          35            8
296.333513       15       19       27       21       24       28     32    24          35            8
296.937005       15       19       27       21       24       28     32    24          35            8
297.540497       15       19       27       21       24       28     32    24          35            8
298.143989       15       19       27       21       24       28     32    24          35            8
298.747481       15       19       27       21       24       28     32    24          35            8
299.350973       15       19       27       21       24       28     32    24          35            8
299.954464       15       19       27       21       24       28     32    24          35            8
300.557956       15       19       27       21       24       28     32    24          35            8
301.161448       15       20       27       21       24       28     32    24          35            8
