Relative performance profile for NumberOfIterations
Filter: gap <= 0.102% and not failed
               SHOTcq0  SHOTcq1  SHOTcq2  SHOThq0  SHOThq1  SHOThq2  baron  scip  virt. best  virt. worst
1.000000            15       20       27       21       24       28     19     1          35            0
1.027279            15       20       27       21       24       28     19     1          35            0
1.055303            15       20       27       21       24       28     19     1          35            0
1.084091            15       20       27       21       24       28     19     1          35            0
1.113664            15       20       27       21       24       28     19     1          35            0
1.144044            15       20       27       21       24       28     19     1          35            0
1.175253            15       20       27       21       24       28     19     1          35            0
1.207313            15       20       27       21       24       28     19     1          35            0
1.240247            15       20       27       21       24       28     19     1          35            0
1.274081            15       20       27       21       24       28     19     1          35            0
1.308837            15       20       27       21       24       28     19     1          35            0
1.344541            15       20       27       21       24       28     19     1          35            0
1.381219            15       20       27       21       24       28     19     1          35            0
1.418898            15       20       27       21       24       28     19     1          35            0
1.457604            15       20       27       21       24       28     19     1          35            0
1.497367            15       20       27       21       24       28     19     1          35            0
1.538214            15       20       27       21       24       28     19     1          35            0
1.580175            15       20       27       21       24       28     19     1          35            0
1.623281            15       20       27       21       24       28     19     1          35            0
1.667563            15       20       27       21       24       28     19     1          35            0
1.713053            15       20       27       21       24       28     19     1          35            0
1.759784            15       20       27       21       24       28     19     1          35            0
1.807790            15       20       27       21       24       28     19     1          35            0
1.857105            15       20       27       21       24       28     19     1          35            0
1.907766            15       20       27       21       24       28     19     1          35            0
1.959808            15       20       27       21       24       28     19     1          35            0
2.013270            15       20       27       21       24       28     19     2          35            0
2.068191            15       20       27       21       24       28     19     2          35            0
2.124610            15       20       27       21       24       28     19     2          35            0
2.182568            15       20       27       21       24       28     19     2          35            0
2.242107            15       20       27       21       24       28     19     2          35            0
2.303270            15       20       27       21       24       28     19     2          35            0
2.366102            15       20       27       21       24       28     19     2          35            0
2.430647            15       20       27       21       24       28     19     2          35            0
2.496954            15       20       27       21       24       28     19     2          35            0
2.565069            15       20       27       21       24       28     19     2          35            0
2.635042            15       20       27       21       24       28     19     2          35            0
2.706924            15       20       27       21       24       28     19     2          35            0
2.780767            15       20       27       21       24       28     19     2          35            0
2.856625            15       20       27       21       24       28     19     2          35            0
2.934551            15       20       27       21       24       28     19     2          35            0
3.014604            15       20       27       21       24       28     20     3          35            1
3.096840            15       20       27       21       24       28     20     3          35            1
3.181320            15       20       27       21       24       28     20     3          35            1
3.268104            15       20       27       21       24       28     20     3          35            1
3.357256            15       20       27       21       24       28     20     3          35            1
3.448839            15       20       27       21       24       28     20     3          35            1
3.542921            15       20       27       21       24       28     20     3          35            1
3.639570            15       20       27       21       24       28     20     3          35            1
3.738855            15       20       27       21       24       28     20     3          35            1
3.840848            15       20       27       21       24       28     20     3          35            1
3.945624            15       20       27       21       24       28     20     3          35            1
4.053258            15       20       27       21       24       28     20     3          35            1
4.163828            15       20       27       21       24       28     20     3          35            1
4.277414            15       20       27       21       24       28     20     3          35            1
4.394099            15       20       27       21       24       28     20     3          35            1
4.513967            15       20       27       21       24       28     20     3          35            1
4.637105            15       20       27       21       24       28     20     3          35            1
4.763602            15       20       27       21       24       28     20     3          35            1
4.893550            15       20       27       21       24       28     20     3          35            1
5.027043            15       20       27       21       24       28     20     3          35            1
5.164177            15       20       27       21       24       28     20     3          35            1
5.305052            15       20       27       21       24       28     20     3          35            1
5.449770            15       20       27       21       24       28     20     3          35            1
5.598436            15       20       27       21       24       28     20     3          35            1
5.751158            15       20       27       21       24       28     20     3          35            1
5.908046            15       20       27       21       24       28     20     3          35            1
6.069213            15       20       27       21       24       28     20     3          35            1
6.234777            15       20       27       21       24       28     20     3          35            1
6.404858            15       20       27       21       24       28     20     3          35            1
6.579578            15       20       27       21       24       28     20     3          35            1
6.759064            15       20       27       21       24       28     20     3          35            1
6.943447            15       20       27       21       24       28     20     3          35            1
7.132859            15       20       27       21       24       28     20     3          35            1
7.327439            15       20       27       21       24       28     20     3          35            1
7.527326            15       20       27       21       24       28     20     3          35            1
7.732666            15       20       27       21       24       28     20     3          35            1
7.943608            15       20       27       21       24       28     20     3          35            1
8.160304            15       20       27       21       24       28     20     3          35            1
8.382912            15       20       27       21       24       28     20     3          35            1
8.611592            15       20       27       21       24       28     20     3          35            1
8.846510            15       20       27       21       24       28     20     3          35            1
9.087837            15       20       27       21       24       28     20     3          35            1
9.335747            15       20       27       21       24       28     20     3          35            1
9.590420            15       20       27       21       24       28     20     3          35            1
9.852040            15       20       27       21       24       28     20     3          35            1
10.120797           15       20       27       21       24       28     20     3          35            1
10.396885           15       20       27       21       24       28     20     3          35            1
10.680505           15       20       27       21       24       28     20     3          35            1
10.971862           15       20       27       21       24       28     20     3          35            1
11.271167           15       20       27       21       24       28     20     3          35            1
11.578636           15       20       27       21       24       28     20     3          35            1
11.894494           15       20       27       21       24       28     20     3          35            1
12.218967           15       20       27       21       24       28     20     3          35            1
12.552292           15       20       27       21       24       28     20     3          35            1
12.894710           15       20       27       21       24       28     20     3          35            1
13.246469           15       20       27       21       24       28     20     3          35            1
13.607824           15       20       27       21       24       28     20     3          35            1
13.979036           15       20       27       21       24       28     20     3          35            1
14.360374           15       20       27       21       24       28     20     3          35            1
14.752116           15       20       27       21       24       28     20     3          35            1
15.154543           15       20       27       21       24       28     20     3          35            1
15.567949           15       20       27       21       24       28     20     3          35            1
15.992632           15       20       27       21       24       28     20     3          35            1
16.428900           15       20       27       21       24       28     20     3          35            1
16.877069           15       20       27       21       24       28     20     3          35            1
17.337464           15       20       27       21       24       28     20     3          35            1
17.810418           15       20       27       21       24       28     20     3          35            1
18.296274           15       20       27       21       24       28     20     3          35            1
18.795384           15       20       27       21       24       28     20     3          35            1
19.308109           15       20       27       21       24       28     20     3          35            1
19.834821           15       20       27       21       24       28     20     3          35            1
20.375901           15       20       27       21       24       28     21     4          35            2
20.931742           15       20       27       21       24       28     21     4          35            2
21.502745           15       20       27       21       24       28     21     4          35            2
22.089325           15       20       27       21       24       28     21     4          35            2
22.691907           15       20       27       21       24       28     21     4          35            2
23.310927           15       20       27       21       24       28     21     4          35            2
23.946833           15       20       27       21       24       28     21     4          35            2
24.600086           15       20       27       21       24       28     21     4          35            2
25.271159           15       20       27       21       24       28     21     4          35            2
25.960539           15       20       27       21       24       28     21     4          35            2
26.668725           15       20       27       21       24       28     21     4          35            2
27.396230           15       20       27       21       24       28     21     4          35            2
28.143580           15       20       27       21       24       28     21     4          35            2
28.911318           15       20       27       21       24       28     21     4          35            2
29.699998           15       20       27       21       24       28     21     4          35            2
30.510194           15       20       27       21       24       28     21     4          35            2
31.342491           15       20       27       21       24       28     21     4          35            2
32.197493           15       20       27       21       24       28     21     4          35            2
33.075818           15       20       27       21       24       28     21     4          35            2
33.978104           15       20       27       21       24       28     21     4          35            2
34.905003           15       20       27       21       24       28     21     4          35            2
35.857188           15       20       27       21       24       28     21     4          35            2
36.835348           15       20       27       21       24       28     21     4          35            2
37.840191           15       20       27       21       24       28     21     4          35            2
38.872445           15       20       27       21       24       28     21     5          35            2
39.932859           15       20       27       21       24       28     21     5          35            2
41.022200           15       20       27       21       24       28     21     5          35            2
42.141257           15       20       27       21       24       28     21     5          35            2
43.290842           15       20       27       21       24       28     21     5          35            2
44.471786           15       20       27       21       24       28     21     5          35            2
45.684946           15       20       27       21       24       28     21     6          35            2
46.931200           15       20       27       21       24       28     21     6          35            2
48.211451           15       20       27       21       24       28     21     6          35            2
49.526626           15       20       27       21       24       28     21     6          35            2
50.877679           15       20       27       21       24       28     21     6          35            2
52.265587           15       20       27       21       24       28     21     6          35            2
53.691356           15       20       27       21       24       28     21     6          35            2
55.156020           15       20       27       21       24       28     21     6          35            2
56.660638           15       20       27       21       24       28     21     6          35            2
58.206301           15       20       27       21       24       28     21     6          35            2
59.794129           15       20       27       21       24       28     21     6          35            2
61.425272           15       20       27       21       24       28     21     6          35            2
63.100912           15       20       27       21       24       28     21     6          35            2
64.822261           15       20       27       21       24       28     21     6          35            2
66.590568           15       20       27       21       24       28     21     6          35            2
68.407113           15       20       27       21       24       28     21     6          35            2
70.273212           15       20       27       21       24       28     21     6          35            2
72.190217           15       20       27       21       24       28     21     6          35            2
74.159517           15       20       27       21       24       28     21     6          35            2
76.182538           15       20       27       21       24       28     21     6          35            2
78.260745           15       20       27       21       24       28     21     6          35            2
80.395644           15       20       27       21       24       28     21     7          35            2
82.588782           15       20       27       21       24       28     21     7          35            2
84.841748           15       20       27       21       24       28     21     7          35            2
87.156172           15       20       27       21       24       28     21     7          35            2
89.533733           15       20       27       21       24       28     21     7          35            2
91.976152           15       20       27       21       24       28     21     7          35            2
94.485198           15       20       27       21       24       28     21     7          35            2
97.062690           15       20       27       21       24       28     21     7          35            2
99.710493           15       20       27       21       24       28     21     7          35            2
102.430527          15       20       27       21       24       28     21     7          35            2
105.224762          15       20       27       21       24       28     21     7          35            2
108.095221          15       20       27       21       24       28     21     7          35            2
111.043985          15       20       27       21       24       28     21     7          35            2
114.073188          15       20       27       21       24       28     21     8          35            2
117.185027          15       20       27       21       24       28     21     8          35            2
120.381754          15       20       27       21       24       28     21     8          35            2
123.665686          15       20       27       21       24       28     21     8          35            2
127.039201          15       20       27       21       24       28     21     8          35            2
130.504743          15       20       27       21       24       28     21     8          35            2
134.064823          15       20       27       21       24       28     21     8          35            2
137.722019          15       20       27       21       24       28     21     8          35            2
141.478982          15       20       27       21       24       28     21     8          35            2
145.338431          15       20       27       21       24       28     21     8          35            2
149.303164          15       20       27       21       24       28     21     8          35            2
153.376052          15       20       27       21       24       28     21     8          35            2
157.560045          15       20       27       21       24       28     21     8          35            2
161.858175          15       20       27       21       24       28     21     9          35            3
166.273555          15       20       27       21       24       28     21     9          35            3
170.809384          15       20       27       21       24       28     21     9          35            3
175.468947          15       20       27       21       24       28     22    10          35            4
180.255619          15       20       27       21       24       28     22    10          35            4
185.172869          15       20       27       21       24       28     22    10          35            4
190.224258          15       20       27       21       24       28     22    10          35            4
195.413445          15       20       27       21       24       28     22    10          35            4
200.744190          15       20       27       21       24       28     22    10          35            4
206.220354          15       20       27       21       24       28     22    10          35            4
211.845904          15       20       27       21       24       28     22    10          35            4
217.624915          15       20       27       21       24       28     22    10          35            4
223.561573          15       20       27       21       24       28     22    10          35            4
229.660180          15       20       27       21       24       28     22    10          35            4
235.925152          15       20       27       21       24       28     22    10          35            4
242.361028          15       20       27       21       24       28     22    10          35            4
248.972471          15       20       27       21       24       28     22    10          35            4
255.764269          15       20       27       21       24       28     22    10          35            4
262.741343          15       20       27       21       24       28     22    10          35            4
269.908747          15       20       27       21       24       28     22    10          35            4
277.271672          15       20       27       21       24       28     22    10          35            4
284.835453          15       20       27       21       24       28     22    10          35            4
292.605569          15       20       27       21       24       28     22    10          35            4
300.587648          15       20       27       21       24       28     22    10          35            4
308.787473          15       20       27       21       24       28     22    10          35            4
317.210984          15       20       27       21       24       28     22    10          35            4
325.864282          15       20       27       21       24       28     22    10          35            4
334.753636          15       20       27       21       24       28     22    10          35            4
343.885486          15       20       27       21       24       28     22    10          35            4
353.266446          15       20       27       21       24       28     22    10          35            4
362.903312          15       20       27       21       24       28     22    10          35            4
372.803066          15       20       27       21       24       28     22    10          35            4
382.972878          15       20       27       21       24       28     22    10          35            4
393.420115          15       20       27       21       24       28     22    10          35            4
404.152346          15       20       27       21       24       28     22    10          35            4
415.177345          15       20       27       21       24       28     22    10          35            4
426.503099          15       20       27       21       24       28     22    10          35            4
438.137811          15       20       27       21       24       28     22    10          35            4
450.089910          15       20       27       21       24       28     22    10          35            4
462.368054          15       20       27       21       24       28     23    11          35            5
474.981137          15       20       27       21       24       28     23    11          35            5
487.938297          15       20       27       21       24       28     23    11          35            5
501.248919          15       20       27       21       24       28     23    11          35            5
514.922646          15       20       27       21       24       28     23    11          35            5
528.969383          15       20       27       21       24       28     23    11          35            5
543.399305          15       20       27       21       24       28     23    11          35            5
558.222865          15       20       27       21       24       28     23    11          35            5
573.450802          15       20       27       21       24       28     23    11          35            5
589.094147          15       20       27       21       24       28     23    11          35            5
605.164231          15       20       27       21       24       28     23    11          35            5
621.672696          15       20       27       21       24       28     23    11          35            5
638.631501          15       20       27       21       24       28     23    11          35            5
656.052931          15       20       27       21       24       28     23    11          35            5
673.949605          15       20       27       21       24       28     23    11          35            5
692.334488          15       20       27       21       24       28     23    11          35            5
711.220898          15       20       27       21       24       28     23    11          35            5
730.622516          15       20       27       21       24       28     23    11          35            5
750.553398          15       20       27       21       24       28     23    11          35            5
771.027980          15       20       27       21       24       28     23    11          35            5
792.061094          15       20       27       21       24       28     23    11          35            5
813.667978          15       20       27       21       24       28     23    11          35            5
835.864282          15       20       27       21       24       28     23    11          35            5
858.666087          15       20       27       21       24       28     23    11          35            5
882.089909          15       20       27       21       24       28     23    11          35            5
906.152716          15       20       27       21       24       28     23    11          35            5
930.871941          15       20       27       21       24       28     23    11          35            5
956.265489          15       20       27       21       24       28     23    11          35            5
982.351756          15       20       27       21       24       28     23    11          35            5
1009.149639         15       20       27       21       24       28     23    11          35            5
1036.678549         15       20       27       21       24       28     23    11          35            5
1064.958429         15       20       27       21       24       28     23    11          35            5
1094.009764         15       20       27       21       24       28     23    11          35            5
1123.853600         15       20       27       21       24       28     23    11          35            5
1154.511556         15       20       27       21       24       28     23    11          35            5
1186.005840         15       20       27       21       24       28     23    11          35            5
1218.359266         15       20       27       21       24       28     23    11          35            5
1251.595271         15       20       27       21       24       28     24    12          35            5
1285.737932         15       20       27       21       24       28     24    12          35            5
1320.811981         15       20       27       21       24       28     24    12          35            5
1356.842826         15       20       27       21       24       28     24    12          35            5
1393.856568         15       20       27       21       24       28     24    12          35            5
1431.880019         15       20       27       21       24       28     24    12          35            5
1470.940724         15       20       27       21       24       28     24    12          35            5
1511.066979         15       20       27       21       24       28     24    12          35            5
1552.287850         15       20       27       21       24       28     24    12          35            5
1594.633198         15       20       27       21       24       28     24    12          35            5
1638.133698         15       20       27       21       24       28     24    12          35            5
1682.820862         15       20       27       21       24       28     24    12          35            5
1728.727061         15       20       27       21       24       28     24    12          35            5
1775.885550         15       20       27       21       24       28     25    13          35            6
1824.330490         15       20       27       21       24       28     25    13          35            6
1874.096975         15       20       27       21       24       28     25    13          35            6
1925.221055         15       20       27       21       24       28     25    13          35            6
1977.739765         15       20       27       21       24       28     25    13          35            6
2031.691150         15       20       27       21       24       28     25    13          35            6
2087.114291         15       20       27       21       24       28     26    14          35            6
2144.049338         15       20       27       21       24       28     26    14          35            6
2202.537534         15       20       27       21       24       28     26    14          35            6
2262.621247         15       20       27       21       24       28     26    14          35            6
2324.344003         15       20       27       21       24       28     26    14          35            6
2387.750514         15       20       27       21       24       28     26    14          35            6
2452.886711         15       20       27       21       24       28     26    14          35            6
2519.799778         15       20       27       21       24       28     26    14          35            6
2588.538188         15       20       27       21       24       28     26    14          35            6
2659.151735         15       20       27       21       24       28     26    14          35            6
2731.691571         15       20       27       21       24       28     26    14          35            6
2806.210244         15       20       27       21       24       28     26    14          35            6
2882.761735         15       20       27       21       24       28     26    14          35            6
2961.401498         15       20       27       21       24       28     26    14          35            6
3042.186501         15       20       27       21       24       28     26    14          35            6
3125.175262         15       20       27       21       24       28     26    14          35            6
3210.427900         15       20       27       21       24       28     26    14          35            6
3298.006172         15       20       27       21       24       28     26    14          35            6
3387.973519         15       20       27       21       24       28     26    14          35            6
3480.395113         15       20       27       21       24       28     26    14          35            6
3575.337905         15       20       27       21       24       28     26    14          35            6
3672.870672         15       20       27       21       24       28     26    14          35            6
3773.064065         15       20       27       21       24       28     26    14          35            6
3875.990666         15       20       27       21       24       28     26    14          35            6
3981.725033         15       20       27       21       24       28     26    14          35            6
4090.343762         15       20       27       21       24       28     26    14          35            6
4201.925535         15       20       27       21       24       28     26    14          35            6
4316.551182         15       20       27       21       24       28     26    14          35            6
4434.303738         15       20       27       21       24       28     26    14          35            6
4555.268503         15       20       27       21       24       28     26    14          35            6
4679.533105         15       20       27       21       24       28     26    14          35            6
4807.187559         15       20       27       21       24       28     26    14          35            6
4938.324339         15       20       27       21       24       28     26    14          35            6
5073.038441         15       20       27       21       24       28     26    14          35            6
5211.427451         15       20       27       21       24       28     26    14          35            6
5353.591618         15       20       27       21       24       28     26    14          35            6
5499.633926         15       20       27       21       24       28     26    14          35            6
5649.660169         15       20       27       21       24       28     26    14          35            6
5803.779024         15       20       27       21       24       28     26    14          35            6
5962.102136         15       20       27       21       24       28     26    14          35            6
6124.744194         15       20       27       21       24       28     26    15          35            6
6291.823016         15       20       27       21       24       28     26    15          35            6
6463.459633         15       20       27       21       24       28     26    15          35            6
6639.778380         15       20       27       21       24       28     26    15          35            6
6820.906981         15       20       27       21       24       28     26    15          35            6
7006.976646         15       20       27       21       24       28     26    15          35            6
7198.122164         15       20       27       21       24       28     26    15          35            6
7394.482001         15       20       27       21       24       28     27    16          35            7
7596.198400         15       20       27       21       24       28     27    16          35            7
7803.417483         15       20       27       21       24       28     27    16          35            7
8016.289361         15       20       27       21       24       28     28    17          35            7
8234.968238         15       20       27       21       24       28     28    17          35            7
8459.612525         15       20       27       21       24       28     28    17          35            7
8690.384953         15       20       27       21       24       28     28    17          35            7
8927.452696         15       20       27       21       24       28     28    17          35            7
9170.987483         15       20       27       21       24       28     28    17          35            7
9421.165733         15       20       27       21       24       28     28    17          35            7
9678.168674         15       20       27       21       24       28     28    17          35            7
9942.182479         15       20       27       21       24       28     28    17          35            7
10213.398400        15       20       27       21       24       28     28    17          35            7
10492.012904        15       20       27       21       24       28     28    17          35            7
10778.227822        15       20       27       21       24       28     28    17          35            7
11072.250486        15       20       27       21       24       28     28    17          35            7
11374.293887        15       20       27       21       24       28     28    17          35            7
11684.576825        15       20       27       21       24       28     28    17          35            7
12003.324068        15       20       27       21       24       28     28    17          35            7
12330.766518        15       20       27       21       24       28     28    17          35            7
12667.141373        15       20       27       21       24       28     28    17          35            7
13012.692303        15       20       27       21       24       28     28    17          35            7
13367.669626        15       20       27       21       24       28     28    17          35            7
13732.330487        15       20       27       21       24       28     28    17          35            7
14106.939047        15       20       27       21       24       28     28    17          35            7
14491.766670        15       20       27       21       24       28     28    17          35            7
14887.092128        15       20       27       21       24       28     28    17          35            7
15293.201793        15       20       27       21       24       28     28    17          35            7
15710.389851        15       20       27       21       24       28     28    17          35            7
16138.958513        15       20       27       21       24       28     28    18          35            7
16579.218234        15       20       27       21       24       28     28    18          35            7
17031.487939        15       20       27       21       24       28     28    18          35            7
17496.095251        15       20       27       21       24       28     28    18          35            7
17973.376732        15       20       27       21       24       28     28    18          35            7
18463.678125        15       20       27       21       24       28     28    18          35            7
18967.354603        15       20       27       21       24       28     28    18          35            7
19484.771031        15       20       27       21       24       28     28    18          35            7
20016.302223        15       20       27       21       24       28     28    18          35            7
20562.333222        15       20       27       21       24       28     28    18          35            7
21123.259573        15       20       27       21       24       28     28    18          35            7
21699.487609        15       20       27       21       24       28     28    18          35            7
22291.434752        15       20       27       21       24       28     28    18          35            7
22899.529806        15       20       27       21       24       28     28    18          35            7
23524.213276        15       20       27       21       24       28     28    18          35            7
24165.937684        15       20       27       21       24       28     28    18          35            7
24825.167893        15       20       27       21       24       28     28    18          35            7
25502.381450        15       20       27       21       24       28     28    18          35            7
26198.068928        15       20       27       21       24       28     28    18          35            7
26912.734284        15       20       27       21       24       28     28    18          35            7
27646.895221        15       20       27       21       24       28     28    18          35            7
28401.083564        15       20       27       21       24       28     28    18          35            7
29175.845649        15       20       27       21       24       28     28    18          35            7
29971.742712        15       20       27       21       24       28     28    18          35            7
30789.351301        15       20       27       21       24       28     28    18          35            7
31629.263691        15       20       27       21       24       28     28    18          35            7
32492.088316        15       20       27       21       24       28     28    18          35            7
33378.450205        15       20       27       21       24       28     28    18          35            7
34288.991438        15       20       27       21       24       28     28    18          35            7
35224.371612        15       20       27       21       24       28     29    19          35            7
36185.268316        15       20       27       21       24       28     29    19          35            7
37172.377622        15       20       27       21       24       28     29    19          35            7
38186.414594        15       20       27       21       24       28     29    19          35            7
39228.113799        15       20       27       21       24       28     29    19          35            7
40298.229844        15       20       27       21       24       28     29    19          35            7
41397.537921        15       20       27       21       24       28     29    19          35            7
42526.834368        15       20       27       21       24       28     29    19          35            7
43686.937249        15       20       27       21       24       28     29    19          35            7
44878.686940        15       20       27       21       24       28     29    19          35            7
46102.946745        15       20       27       21       24       28     29    19          35            7
47360.603519        15       20       27       21       24       28     29    19          35            7
48652.568307        15       20       27       21       24       28     29    19          35            7
49979.777008        15       20       27       21       24       28     29    20          35            7
51343.191053        15       20       27       21       24       28     29    20          35            7
52743.798098        15       20       27       21       24       28     29    21          35            7
54182.612743        15       20       27       21       24       28     29    21          35            7
55660.677264        15       20       27       21       24       28     29    21          35            7
57179.062373        15       20       27       21       24       28     29    21          35            7
58738.867985        15       20       27       21       24       28     29    21          35            7
60341.224026        15       20       27       21       24       28     29    21          35            7
61987.291240        15       20       27       21       24       28     29    21          35            7
63678.262039        15       20       27       21       24       28     29    21          35            7
65415.361362        15       20       27       21       24       28     29    21          35            7
67199.847564        15       20       27       21       24       28     29    21          35            7
69033.013325        15       20       27       21       24       28     29    21          35            7
70916.186591        15       20       27       21       24       28     29    21          35            7
72850.731533        15       20       27       21       24       28     29    21          35            7
74838.049534        15       20       27       21       24       28     29    21          35            7
76879.580208        15       20       27       21       24       28     29    21          35            7
78976.802438        15       20       27       21       24       28     29    21          35            7
81131.235452        15       20       27       21       24       28     29    22          35            7
83344.439922        15       20       27       21       24       28     29    22          35            7
85618.019093        15       20       27       21       24       28     29    22          35            7
87953.619944        15       20       27       21       24       28     29    22          35            7
90352.934384        15       20       27       21       24       28     29    22          35            7
92817.700478        15       20       27       21       24       28     29    22          35            7
95349.703700        15       20       27       21       24       28     29    22          35            7
97950.778234        15       20       27       21       24       28     29    22          35            7
100622.808297       15       20       27       21       24       28     29    22          35            7
103367.729509       15       20       27       21       24       28     29    22          35            7
106187.530288       15       20       27       21       24       28     29    22          35            7
109084.253300       15       20       27       21       24       28     29    22          35            7
112059.996929       15       20       27       21       24       28     29    22          35            7
115116.916804       15       20       27       21       24       28     29    22          35            7
118257.227356       15       20       27       21       24       28     29    23          35            7
121483.203427       15       20       27       21       24       28     29    23          35            7
124797.181913       15       20       27       21       24       28     29    23          35            7
128201.563460       15       20       27       21       24       28     29    23          35            7
131698.814201       15       20       27       21       24       28     29    23          35            7
135291.467544       15       20       27       21       24       28     29    23          35            7
138982.126007       15       20       27       21       24       28     29    23          35            7
142773.463102       15       20       27       21       24       28     29    23          35            7
146668.225273       15       20       27       21       24       28     29    23          35            7
150669.233885       15       20       27       21       24       28     29    23          35            7
154779.387269       15       20       27       21       24       28     29    23          35            7
159001.662819       15       20       27       21       24       28     29    23          35            7
163339.119150       15       20       27       21       24       28     29    23          35            7
167794.898316       15       20       27       21       24       28     29    23          35            7
172372.228082       15       20       27       21       24       28     29    23          35            7
177074.424265       15       20       27       21       24       28     29    23          35            7
181904.893136       15       20       27       21       24       28     29    23          35            7
186867.133885       15       20       27       21       24       28     29    23          35            7
191964.741159       15       20       27       21       24       28     29    23          35            7
197201.407664       15       20       27       21       24       28     29    23          35            7
202580.926840       15       20       27       21       24       28     29    23          35            7
208107.195611       15       20       27       21       24       28     29    23          35            7
213784.217204       15       20       27       21       24       28     29    23          35            7
219616.104054       15       20       27       21       24       28     29    23          35            7
225607.080778       15       20       27       21       24       28     29    23          35            7
231761.487238       15       20       27       21       24       28     29    23          35            7
238083.781687       15       20       27       21       24       28     29    23          35            7
244578.543993       15       20       27       21       24       28     29    23          35            7
251250.478961       15       20       27       21       24       28     29    23          35            7
258104.419740       15       20       27       21       24       28     29    23          35            7
265145.331323       15       20       27       21       24       28     29    23          35            7
272378.314147       15       20       27       21       24       28     29    23          35            7
279808.607782       15       20       27       21       24       28     29    23          35            7
287441.594732       15       20       27       21       24       28     29    23          35            7
295282.804333       15       20       27       21       24       28     29    23          35            7
303337.916754       15       20       27       21       24       28     29    23          35            7
311612.767118       15       20       27       21       24       28     29    23          35            7
320113.349727       15       20       27       21       24       28     29    23          35            7
328845.822400       15       20       27       21       24       28     29    23          35            7
337816.510939       15       20       27       21       24       28     29    23          35            7
347031.913710       15       20       27       21       24       28     29    23          35            7
356498.706350       15       20       27       21       24       28     29    23          35            7
366223.746602       15       20       27       21       24       28     29    23          35            7
376214.079283       15       20       27       21       24       28     29    23          35            7
386476.941388       15       20       27       21       24       28     29    23          35            7
397019.767335       15       20       27       21       24       28     29    23          35            7
407850.194344       15       20       27       21       24       28     29    23          35            7
418976.067975       15       20       27       21       24       28     29    23          35            7
430405.447810       15       20       27       21       24       28     29    23          35            7
442146.613289       15       20       27       21       24       28     29    23          35            7
454208.069712       15       20       27       21       24       28     29    23          35            7
466598.554395       15       20       27       21       24       28     29    23          35            7
479327.043003       15       20       27       21       24       28     29    23          35            7
492402.756053       15       20       27       21       24       28     29    23          35            7
505835.165588       15       20       27       21       24       28     29    23          35            7
519634.002045       15       20       27       21       24       28     29    23          35            7
533809.261298       15       20       27       21       24       28     29    23          35            7
548371.211903       15       20       27       21       24       28     29    23          35            7
563330.402536       15       20       27       21       24       28     29    23          35            7
578697.669631       15       20       27       21       24       28     29    23          35            7
594484.145235       15       20       27       21       24       28     29    23          35            7
610701.265068       15       20       27       21       24       28     29    23          35            7
627360.776810       15       20       27       21       24       28     29    23          35            7
644474.748608       15       20       27       21       24       28     29    23          35            7
662055.577822       15       20       27       21       24       28     29    23          35            7
680116.000001       15       20       27       21       24       28     29    24          35            8
