Absolute performance profile for SolverTime
Filter: no fail
            SHOTcq0  SHOTcq1  SHOTcq2  SHOThq0  SHOThq1  SHOThq2  baron  scip  virt. best  virt. worst
0.019000          0        0        0        0        0        0      0     1           1            0
0.650224          7        8        9       12        8        8      9    10          15            6
1.281449          9       10       11       12        9        9     14    11          19            8
1.912673         10       11       11       13       12        9     14    12          20            8
2.543898         10       11       13       14       12       11     17    12          22            9
3.175122         10       11       14       15       12       11     17    12          22            9
3.806347         11       12       16       15       12       11     17    12          23            9
4.437571         12       12       17       15       12       11     18    13          24            9
5.068796         12       12       17       15       13       12     18    13          24            9
5.700020         12       13       17       15       13       13     18    13          24            9
6.331244         12       13       18       17       13       14     18    13          25            9
6.962469         12       13       18       17       14       14     18    13          25            9
7.593693         12       13       18       17       15       14     19    13          26            9
8.224918         12       13       18       18       15       14     19    14          26            9
8.856142         12       13       19       18       15       14     19    14          26            9
9.487367         12       13       19       18       15       15     19    14          26            9
10.118591        12       13       21       18       15       15     19    14          26            9
10.749816        13       13       21       18       16       17     21    15          27            9
11.381040        13       13       21       18       17       18     21    15          27            9
12.012265        13       13       22       19       17       18     21    15          27            9
12.643489        13       13       22       19       17       18     21    15          27            9
13.274713        13       13       22       19       17       18     22    15          27            9
13.905938        13       14       22       19       17       18     22    15          27            9
14.537162        13       14       22       20       17       18     22    15          27            9
15.168387        13       14       22       20       17       18     22    15          27            9
15.799611        13       14       22       20       18       19     22    15          27            9
16.430836        13       15       22       20       18       19     22    15          27            9
17.062060        13       15       22       20       18       19     22    15          27            9
17.693285        13       15       22       20       18       20     22    15          27            9
18.324509        13       15       22       20       19       20     22    15          27            9
18.955733        13       16       22       20       19       20     22    15          27            9
19.586958        13       17       22       20       19       20     22    15          27            9
20.218182        13       17       22       20       19       20     22    15          27            9
20.849407        13       17       22       20       19       20     22    15          27            9
21.480631        13       17       22       20       19       20     22    15          27            9
22.111856        13       17       22       20       19       20     22    15          27            9
22.743080        13       17       22       20       19       20     22    15          27            9
23.374305        13       17       23       20       19       20     22    15          27            9
24.005529        13       18       23       20       19       20     22    15          27            9
24.636754        13       18       23       20       19       20     22    15          27            9
25.267978        13       18       23       20       20       21     22    15          27            9
25.899202        13       18       23       20       20       21     22    15          27            9
26.530427        13       18       23       20       20       21     22    15          27            9
27.161651        13       18       23       20       20       21     22    15          27            9
27.792876        13       18       23       20       20       21     22    15          27            9
28.424100        13       18       23       20       20       21     23    15          28            9
29.055325        13       18       23       20       20       21     23    15          28            9
29.686549        13       18       23       20       20       21     23    15          28            9
30.317774        13       18       23       20       20       21     23    17          29            9
30.948998        13       18       23       20       20       21     24    17          30            9
31.580222        14       18       23       20       20       21     24    17          30            9
32.211447        14       18       23       20       20       21     24    17          30            9
32.842671        14       18       23       20       20       22     24    17          31            9
33.473896        14       18       23       20       20       22     24    17          31            9
34.105120        14       18       23       20       20       22     24    17          31            9
34.736345        14       18       23       20       20       22     24    17          31            9
35.367569        14       18       23       20       20       22     24    17          31            9
35.998794        14       18       23       20       20       22     24    17          31            9
36.630018        14       18       23       20       20       22     24    17          31            9
37.261242        14       18       23       20       20       22     25    17          31            9
37.892467        14       18       23       20       20       22     25    18          31            9
38.523691        14       18       23       20       21       22     25    18          31           10
39.154916        14       18       23       20       22       22     26    18          31           11
39.786140        14       18       23       20       22       22     26    18          31           11
40.417365        14       18       23       20       22       22     26    18          31           11
41.048589        14       18       23       20       22       22     26    18          31           11
41.679814        14       18       23       20       22       22     26    18          31           11
42.311038        14       18       23       20       22       22     26    18          31           11
42.942263        14       18       23       20       22       22     26    18          31           11
43.573487        14       18       23       20       22       22     26    18          31           11
44.204711        14       18       23       20       22       22     26    18          31           11
44.835936        14       18       23       20       22       22     26    19          31           11
45.467160        14       18       23       20       22       23     26    19          31           11
46.098385        14       18       23       20       22       23     26    19          31           11
46.729609        14       18       23       20       22       23     26    19          31           11
47.360834        14       18       23       20       22       23     26    19          31           11
47.992058        14       18       23       20       22       23     26    19          31           11
48.623283        14       18       23       20       22       23     26    19          31           11
49.254507        14       18       23       20       22       23     26    19          31           11
49.885731        14       18       24       20       22       24     26    19          32           11
50.516956        14       18       24       20       22       24     26    19          32           11
51.148180        14       18       24       20       22       24     26    19          32           11
51.779405        14       18       24       20       22       24     26    19          32           11
52.410629        14       19       24       20       22       25     26    19          33           11
53.041854        14       19       24       20       22       25     26    19          33           11
53.673078        14       19       24       20       22       25     26    19          33           11
54.304303        14       19       24       20       22       25     26    19          33           11
54.935527        14       19       24       20       22       26     26    19          33           11
55.566752        14       19       24       20       22       26     26    19          33           11
56.197976        14       19       24       20       22       26     26    19          33           11
56.829200        14       19       24       20       22       26     26    19          33           11
57.460425        14       19       24       20       22       26     26    19          33           11
58.091649        14       19       24       20       22       26     26    19          33           11
58.722874        14       19       24       20       22       26     26    19          33           11
59.354098        14       19       24       20       22       26     26    19          33           11
59.985323        14       19       24       20       22       26     26    19          33           11
60.616547        14       19       24       20       22       26     27    19          33           11
61.247772        14       19       24       20       22       26     27    19          33           11
61.878996        14       19       24       20       22       26     27    19          33           11
62.510220        14       19       24       20       22       26     27    19          33           11
63.141445        14       19       24       20       22       26     27    19          33           11
63.772669        15       19       24       20       22       27     27    19          33           11
64.403894        15       19       25       20       22       27     27    19          33           11
65.035118        15       19       25       20       22       27     27    19          33           11
65.666343        15       19       25       20       22       27     27    19          33           11
66.297567        15       19       25       20       22       27     27    19          33           11
66.928792        15       19       25       20       22       27     27    19          33           11
67.560016        15       19       25       20       22       27     27    19          33           11
68.191240        15       19       25       20       22       27     27    19          33           11
68.822465        15       19       25       20       22       27     27    19          33           11
69.453689        15       19       25       20       22       27     27    19          33           11
70.084914        15       19       25       20       22       27     27    19          33           11
70.716138        15       19       25       20       22       27     27    19          33           11
71.347363        15       19       25       20       22       27     27    19          33           11
71.978587        15       19       25       20       22       27     27    19          33           11
72.609812        15       19       25       20       22       27     27    19          33           11
73.241036        15       19       25       20       22       27     27    19          33           11
73.872261        15       19       25       20       22       27     27    19          33           11
74.503485        15       20       25       20       22       27     27    19          33           11
75.134709        15       20       25       20       22       27     27    19          33           11
75.765934        15       20       25       20       22       27     27    19          33           11
76.397158        15       20       25       20       22       27     27    19          33           11
77.028383        15       20       25       20       22       27     27    19          33           11
77.659607        15       20       25       20       22       27     27    20          34           11
78.290832        15       20       25       20       22       27     27    20          34           11
78.922056        15       20       25       20       22       27     27    20          34           11
79.553281        15       20       25       20       22       27     27    20          34           11
80.184505        15       20       25       20       22       27     27    20          34           11
80.815729        15       20       25       20       22       27     27    20          34           11
81.446954        15       20       26       20       22       27     27    20          34           11
82.078178        15       20       26       20       22       27     27    20          34           11
82.709403        15       20       26       20       22       27     27    20          34           11
83.340627        15       20       26       20       22       27     27    20          34           11
83.971852        15       20       26       20       22       27     27    20          34           11
84.603076        15       21       26       20       22       27     27    20          34           11
85.234301        15       21       26       20       22       27     27    20          34           11
85.865525        15       21       26       20       22       27     27    20          34           11
86.496749        15       21       26       20       22       27     27    20          34           11
87.127974        15       21       26       20       22       27     27    20          34           11
87.759198        15       21       26       20       22       27     27    20          34           11
88.390423        15       21       26       20       22       27     27    20          34           11
89.021647        15       21       26       20       22       27     27    20          34           11
89.652872        15       21       26       20       22       27     28    20          34           11
90.284096        15       21       26       20       22       27     28    20          34           11
90.915321        15       21       26       20       22       27     28    20          34           11
91.546545        15       21       27       20       22       27     28    20          34           11
92.177770        15       21       27       20       22       27     28    20          34           11
92.808994        15       21       27       20       22       27     28    20          34           11
93.440218        15       21       27       20       22       27     28    20          34           11
94.071443        15       21       27       20       22       27     28    20          34           11
94.702667        15       21       27       20       22       27     28    20          34           11
95.333892        15       21       27       20       22       27     28    20          34           11
95.965116        15       21       27       20       22       27     28    20          34           11
96.596341        15       21       27       20       22       27     28    20          34           11
97.227565        15       21       27       20       22       27     28    20          34           11
97.858790        15       21       27       20       22       27     28    20          34           11
98.490014        15       21       27       20       22       27     28    20          34           11
99.121238        15       21       27       20       22       27     28    20          34           11
99.752463        15       21       27       20       22       27     28    20          34           11
100.383687       15       21       27       20       22       27     28    20          34           11
101.014912       15       21       27       20       22       27     28    20          34           11
101.646136       15       21       27       20       22       27     29    20          34           11
102.277361       15       21       27       20       22       27     29    20          34           11
102.908585       15       21       27       20       22       27     29    21          34           12
103.539810       15       21       27       20       22       27     29    21          34           12
104.171034       15       21       27       20       22       27     29    21          34           12
104.802259       15       21       27       20       22       27     29    21          34           12
105.433483       15       21       27       20       22       27     29    21          34           12
106.064707       15       21       27       20       22       27     29    21          34           12
106.695932       15       21       27       20       22       27     29    21          34           12
107.327156       15       21       27       20       22       27     29    21          34           12
107.958381       15       21       27       20       22       27     29    21          34           12
108.589605       15       21       27       20       22       27     29    21          34           12
109.220830       15       21       28       20       22       27     29    21          34           12
109.852054       15       21       28       20       22       27     29    21          34           12
110.483279       15       21       28       20       22       27     29    21          34           12
111.114503       15       21       28       20       22       27     29    21          34           12
111.745727       15       21       28       20       22       27     29    21          34           12
112.376952       15       21       28       20       22       27     29    21          34           12
113.008176       15       21       28       20       22       27     29    21          34           12
113.639401       15       21       28       20       22       27     29    21          34           12
114.270625       15       21       28       20       22       27     29    21          34           12
114.901850       15       21       28       20       22       27     29    21          34           12
115.533074       15       21       28       20       22       27     29    22          34           12
116.164299       15       21       28       20       22       27     29    22          34           12
116.795523       15       21       28       20       22       27     29    22          34           12
117.426747       15       21       28       20       22       27     29    22          34           12
118.057972       15       21       28       20       22       27     30    22          34           12
118.689196       15       21       28       20       22       27     30    22          34           12
119.320421       15       21       28       20       22       27     30    22          34           12
119.951645       15       21       28       20       22       27     30    22          34           12
120.582870       15       21       28       20       22       27     30    22          34           12
121.214094       15       21       28       20       22       27     30    22          34           12
121.845319       15       21       28       20       22       27     30    22          34           12
122.476543       15       21       28       20       22       27     30    22          34           12
123.107768       15       21       28       20       22       27     30    22          34           12
123.738992       15       21       28       20       22       27     30    22          34           12
124.370216       15       21       28       20       22       27     30    22          34           12
125.001441       15       21       28       20       22       27     30    22          34           12
125.632665       15       21       29       20       22       27     30    22          34           12
126.263890       15       21       29       20       22       27     30    22          34           12
126.895114       15       21       29       20       22       27     31    23          35           12
127.526339       15       21       29       20       22       27     31    23          35           12
128.157563       15       21       29       20       22       27     31    23          35           12
128.788788       15       21       29       20       22       27     31    23          35           12
129.420012       15       21       29       20       22       27     31    23          35           12
130.051236       15       21       29       20       22       27     31    23          35           12
130.682461       15       21       29       20       22       27     31    23          35           12
131.313685       15       21       29       20       22       27     31    23          35           12
131.944910       15       21       29       20       22       27     31    23          35           12
132.576134       15       21       29       20       22       27     31    23          35           12
133.207359       15       21       29       20       22       27     31    23          35           12
133.838583       15       21       29       20       22       27     31    23          35           12
134.469808       15       21       29       20       22       27     31    23          35           12
135.101032       15       21       29       20       22       27     31    23          35           12
135.732257       15       21       29       20       22       27     31    23          35           12
136.363481       15       21       29       20       22       27     31    24          35           12
136.994705       15       21       29       20       22       27     31    24          35           12
137.625930       15       21       29       20       22       27     31    24          35           12
138.257154       15       21       29       20       23       27     31    24          35           12
138.888379       15       21       29       20       23       27     31    24          35           12
139.519603       15       21       29       20       23       27     31    24          35           12
140.150828       15       21       29       20       23       27     31    24          35           12
140.782052       15       21       29       20       23       27     31    24          35           12
141.413277       15       21       29       20       23       27     31    24          35           12
142.044501       15       21       29       20       23       27     31    24          35           12
142.675725       15       21       29       20       23       27     31    24          35           12
143.306950       15       21       29       20       23       27     31    24          35           12
143.938174       15       21       29       20       23       27     31    24          35           12
144.569399       15       21       29       20       23       27     31    24          35           12
145.200623       15       21       29       20       23       27     31    24          35           12
145.831848       15       21       29       20       23       27     31    24          35           12
146.463072       15       21       29       20       23       27     31    24          35           12
147.094297       15       21       29       20       23       27     31    24          35           12
147.725521       15       21       29       20       23       27     31    24          35           12
148.356745       15       21       29       20       23       27     31    24          35           12
148.987970       15       21       29       20       23       27     31    24          35           12
149.619194       15       21       29       20       23       27     31    24          35           12
150.250419       15       21       29       20       23       27     31    24          35           12
150.881643       15       21       29       20       23       27     31    24          35           12
151.512868       15       21       29       20       23       27     31    24          35           12
152.144092       15       21       29       20       23       27     31    24          35           12
152.775317       15       21       29       20       23       27     31    24          35           12
153.406541       15       21       29       20       23       27     31    24          35           12
154.037766       15       21       29       20       23       27     31    24          35           12
154.668990       15       21       29       20       23       27     31    24          35           12
155.300214       15       21       29       20       23       27     31    24          35           12
155.931439       15       21       29       20       23       27     31    24          35           12
156.562663       15       21       29       20       23       27     31    24          35           12
157.193888       15       21       29       20       23       27     31    24          35           12
157.825112       15       21       29       20       23       27     31    24          35           12
158.456337       15       21       29       20       23       27     31    24          35           12
159.087561       15       21       29       20       23       27     31    24          35           12
159.718786       15       21       29       20       23       27     31    24          35           12
160.350010       15       21       29       20       24       27     31    24          35           12
160.981234       15       21       29       20       24       27     31    24          35           12
161.612459       15       21       29       20       24       27     31    24          35           12
162.243683       15       21       29       20       24       27     31    24          35           12
162.874908       15       22       29       20       24       27     31    24          35           12
163.506132       15       22       29       20       24       27     31    24          35           12
164.137357       15       22       29       20       24       27     31    24          35           12
164.768581       15       22       29       20       24       27     31    24          35           12
165.399806       15       22       29       20       24       27     31    24          35           12
166.031030       15       22       29       20       24       27     31    24          35           12
166.662255       15       22       29       20       24       27     31    24          35           12
167.293479       15       22       29       20       24       27     31    24          35           12
167.924703       15       22       29       20       24       27     31    24          35           12
168.555928       15       22       29       20       24       27     31    24          35           12
169.187152       15       22       29       20       24       27     31    24          35           12
169.818377       15       22       29       20       24       27     31    24          35           12
170.449601       15       22       29       20       24       27     31    24          35           12
171.080826       15       22       29       20       24       27     31    24          35           12
171.712050       15       22       29       20       24       27     31    24          35           12
172.343275       15       22       29       20       24       27     31    24          35           12
172.974499       15       22       29       20       24       27     31    24          35           12
173.605723       15       22       29       20       24       27     31    24          35           12
174.236948       15       22       29       20       24       27     31    24          35           12
174.868172       15       22       29       20       24       27     31    24          35           12
175.499397       15       22       29       20       24       27     31    24          35           12
176.130621       15       22       29       20       24       27     31    24          35           12
176.761846       15       22       29       20       24       27     31    24          35           12
177.393070       15       22       29       20       24       27     31    24          35           12
178.024295       15       22       29       20       24       27     31    24          35           12
178.655519       15       22       29       20       24       27     31    24          35           12
179.286743       15       22       29       20       24       27     31    24          35           12
179.917968       15       22       29       20       24       27     31    24          35           12
180.549192       15       22       29       20       24       27     31    24          35           12
181.180417       15       22       29       20       24       27     31    24          35           12
181.811641       15       22       29       20       24       27     31    24          35           12
182.442866       15       22       29       20       24       27     31    24          35           12
183.074090       15       22       29       20       24       27     31    24          35           12
183.705315       15       22       29       20       24       27     31    24          35           12
184.336539       15       22       29       20       24       27     31    24          35           12
184.967764       15       22       30       20       24       27     31    24          35           12
185.598988       15       22       30       20       24       27     31    24          35           12
186.230212       15       22       30       20       24       27     31    24          35           12
186.861437       15       22       30       20       24       27     31    24          35           12
187.492661       15       22       30       20       24       27     31    24          35           12
188.123886       15       22       30       20       24       27     31    24          35           12
188.755110       15       22       30       20       24       27     31    24          35           12
189.386335       15       22       30       20       24       27     31    24          35           12
190.017559       15       22       30       20       24       27     31    24          35           12
190.648784       15       22       30       20       24       27     31    24          35           12
191.280008       15       22       30       20       24       27     31    24          35           12
191.911232       15       22       30       20       24       27     31    24          35           12
192.542457       15       22       30       20       24       27     31    24          35           12
193.173681       15       22       30       20       24       27     31    24          35           12
193.804906       15       22       30       20       24       27     31    24          35           12
194.436130       15       22       30       20       24       27     31    24          35           12
195.067355       15       22       30       20       24       27     31    24          35           12
195.698579       15       22       30       20       24       27     31    24          35           12
196.329804       15       22       30       20       24       27     31    24          35           12
196.961028       15       22       30       20       24       27     31    24          35           12
197.592253       15       22       30       20       24       27     31    24          35           12
198.223477       15       22       30       20       24       27     31    24          35           12
198.854701       15       22       30       20       24       27     31    24          35           12
199.485926       15       22       30       20       24       27     31    24          35           12
200.117150       15       22       30       20       24       27     31    24          35           12
200.748375       15       22       30       20       24       27     31    24          35           12
201.379599       15       22       30       20       24       27     31    24          35           12
202.010824       15       22       30       20       24       27     31    24          35           12
202.642048       15       22       30       20       24       27     31    24          35           12
203.273273       15       22       30       20       24       27     31    24          35           12
203.904497       15       22       30       20       24       27     31    24          35           12
204.535721       15       22       30       20       24       27     31    24          35           12
205.166946       15       22       30       20       24       27     31    24          35           12
205.798170       15       22       30       20       24       27     31    24          35           12
206.429395       15       22       30       20       24       27     31    24          35           12
207.060619       15       22       30       20       24       27     31    24          35           12
207.691844       15       22       30       20       24       27     31    24          35           12
208.323068       15       22       30       20       24       27     31    24          35           12
208.954293       15       22       30       20       24       27     31    24          35           12
209.585517       15       22       30       20       24       27     31    24          35           12
210.216741       15       22       30       20       24       27     31    24          35           12
210.847966       15       22       30       20       24       27     31    24          35           12
211.479190       15       22       30       20       24       27     31    24          35           12
212.110415       15       22       30       20       24       27     31    24          35           12
212.741639       15       22       30       20       24       27     31    24          35           12
213.372864       15       22       30       20       24       27     31    24          35           12
214.004088       15       22       30       20       24       27     31    24          35           12
214.635313       15       22       30       20       24       27     31    24          35           12
215.266537       15       22       30       20       24       27     31    24          35           12
215.897762       15       22       30       20       24       27     31    24          35           12
216.528986       15       22       30       20       24       27     31    24          35           12
217.160210       15       22       30       20       24       27     31    24          35           12
217.791435       15       22       30       20       24       27     31    24          35           12
218.422659       15       22       30       20       24       27     31    24          35           12
219.053884       15       22       30       20       24       27     31    24          35           12
219.685108       15       22       30       20       24       27     31    24          35           12
220.316333       15       22       30       20       24       27     31    24          35           12
220.947557       15       22       30       20       24       27     31    24          35           12
221.578782       15       22       30       20       24       27     31    24          35           12
222.210006       15       22       30       20       24       27     31    24          35           12
222.841230       15       22       30       20       24       27     31    24          35           12
223.472455       15       22       30       20       24       27     31    24          35           12
224.103679       15       22       30       20       24       27     31    24          35           12
224.734904       15       22       30       20       24       27     31    24          35           12
225.366128       15       22       30       20       24       27     31    24          35           12
225.997353       15       22       30       20       24       27     31    24          35           12
226.628577       15       22       30       20       24       27     31    24          35           12
227.259802       15       22       30       20       24       27     31    24          35           12
227.891026       15       22       30       20       24       27     31    24          35           12
228.522251       15       22       30       21       24       27     31    24          35           12
229.153475       15       22       30       21       24       27     31    24          35           12
229.784699       15       22       30       21       24       27     31    24          35           12
230.415924       15       22       30       21       24       27     31    24          35           12
231.047148       15       22       30       21       24       27     31    24          35           12
231.678373       15       22       30       21       24       27     31    24          35           12
232.309597       15       22       30       21       24       27     31    24          35           12
232.940822       15       22       30       21       24       27     31    24          35           12
233.572046       15       22       30       21       24       27     31    24          35           12
234.203271       15       22       30       21       24       27     31    24          35           12
234.834495       15       22       30       21       24       27     31    24          35           12
235.465719       15       22       30       21       24       27     31    24          35           12
236.096944       15       22       30       21       24       27     31    24          35           12
236.728168       15       22       30       21       24       27     31    24          35           12
237.359393       15       22       30       21       24       27     31    24          35           12
237.990617       15       22       30       21       24       27     31    24          35           12
238.621842       15       22       30       21       24       27     31    24          35           12
239.253066       15       22       30       21       24       27     31    24          35           12
239.884291       15       22       30       21       24       27     31    24          35           12
240.515515       15       22       30       21       24       27     31    24          35           12
241.146739       15       22       30       21       24       28     31    24          35           12
241.777964       15       22       30       21       24       28     32    24          35           12
242.409188       15       22       30       21       24       28     32    24          35           12
243.040413       15       22       30       21       24       28     32    24          35           12
243.671637       15       22       30       21       24       28     32    24          35           12
244.302862       15       22       30       21       24       28     32    24          35           12
244.934086       15       22       30       21       24       28     32    24          35           12
245.565311       15       22       30       21       24       28     32    24          35           12
246.196535       15       22       30       21       24       28     32    24          35           12
246.827760       15       22       30       21       24       28     32    24          35           12
247.458984       15       22       30       21       24       28     32    24          35           12
248.090208       15       22       30       21       24       28     32    24          35           12
248.721433       15       22       30       21       24       28     32    24          35           12
249.352657       15       22       30       21       24       28     32    24          35           12
249.983882       15       22       30       21       24       28     32    24          35           12
250.615106       15       22       30       21       24       28     32    24          35           12
251.246331       15       22       30       21       24       28     32    24          35           12
251.877555       15       22       30       21       24       28     32    24          35           12
252.508780       15       22       30       21       24       28     32    24          35           12
253.140004       15       22       30       21       24       28     32    24          35           12
253.771228       15       22       30       21       24       28     32    24          35           12
254.402453       15       22       30       21       24       28     32    24          35           12
255.033677       15       22       30       21       24       28     32    24          35           12
255.664902       15       22       30       21       24       28     32    24          35           12
256.296126       15       22       30       21       24       28     32    24          35           12
256.927351       15       22       30       21       24       28     32    24          35           12
257.558575       15       22       30       21       24       28     32    24          35           12
258.189800       15       22       30       21       24       28     32    24          35           12
258.821024       15       22       30       21       24       28     32    24          35           12
259.452248       15       22       30       21       24       28     32    24          35           12
260.083473       15       22       30       21       24       28     32    24          35           12
260.714697       15       22       30       21       24       28     32    24          35           12
261.345922       15       22       30       21       24       28     32    24          35           12
261.977146       15       22       30       21       24       28     32    24          35           12
262.608371       15       22       30       21       24       28     32    24          35           12
263.239595       15       22       30       21       24       28     32    24          35           12
263.870820       15       22       30       21       24       28     32    24          35           12
264.502044       15       22       30       21       24       28     32    24          35           12
265.133269       15       22       30       21       24       28     32    24          35           12
265.764493       15       22       30       21       24       28     32    24          35           12
266.395717       15       22       30       21       24       28     32    24          35           12
267.026942       15       22       30       21       24       28     32    24          35           12
267.658166       15       22       30       21       24       28     32    24          35           12
268.289391       15       22       30       21       24       28     32    24          35           12
268.920615       15       22       30       21       24       28     32    24          35           12
269.551840       15       22       30       21       24       28     32    24          35           12
270.183064       15       22       30       21       24       28     32    24          35           12
270.814289       15       22       30       21       24       28     32    24          35           12
271.445513       15       22       30       21       24       28     32    24          35           12
272.076737       15       22       30       21       24       28     32    24          35           12
272.707962       15       22       30       21       24       28     32    24          35           12
273.339186       15       22       30       21       24       28     32    24          35           12
273.970411       15       22       30       21       24       28     32    24          35           12
274.601635       15       22       30       21       24       28     32    24          35           12
275.232860       15       22       30       21       24       28     32    24          35           12
275.864084       15       22       30       21       24       28     32    24          35           12
276.495309       15       22       30       21       24       28     32    24          35           12
277.126533       15       22       30       21       24       28     32    24          35           12
277.757758       15       22       30       21       24       28     32    24          35           12
278.388982       15       22       30       21       24       28     32    24          35           12
279.020206       15       22       30       21       24       28     32    24          35           12
279.651431       15       22       30       21       24       28     32    24          35           12
280.282655       15       22       30       21       24       28     32    24          35           12
280.913880       15       22       30       21       24       28     32    24          35           12
281.545104       15       22       30       21       24       28     32    24          35           12
282.176329       15       22       30       21       24       28     32    24          35           12
282.807553       15       22       30       21       24       28     32    24          35           12
283.438778       15       22       30       21       24       28     32    24          35           12
284.070002       15       22       30       21       24       28     32    24          35           12
284.701226       15       22       30       21       24       28     32    24          35           12
285.332451       15       22       30       21       24       28     32    24          35           12
285.963675       15       22       30       21       24       28     32    24          35           12
286.594900       15       22       30       21       24       28     32    24          35           12
287.226124       15       22       30       21       24       28     32    24          35           12
287.857349       15       22       30       21       24       28     32    24          35           12
288.488573       15       22       30       21       24       28     32    24          35           12
289.119798       15       22       30       21       24       28     32    24          35           12
289.751022       15       22       30       21       24       28     32    24          35           12
290.382246       15       22       30       21       24       28     32    24          35           12
291.013471       15       22       30       21       24       28     32    24          35           12
291.644695       15       22       30       21       24       28     32    24          35           12
292.275920       15       22       30       21       24       28     32    24          35           12
292.907144       15       22       30       21       24       28     32    24          35           12
293.538369       15       22       30       21       24       28     32    24          35           12
294.169593       15       22       30       21       24       28     32    24          35           12
294.800818       15       22       30       21       24       28     32    24          35           12
295.432042       15       22       30       21       24       28     32    24          35           12
296.063267       15       22       30       21       24       28     32    24          35           12
296.694491       15       22       30       21       24       28     32    24          35           12
297.325715       15       22       30       21       24       28     32    24          35           12
297.956940       15       22       30       21       24       28     32    24          35           12
298.588164       15       22       30       21       24       28     32    24          35           12
299.219389       15       22       30       21       24       28     32    24          35           12
299.850613       15       22       30       21       24       28     32    24          35           12
300.481838       32       27       33       39       40       38     32    24          40           19
301.113062       35       33       34       39       40       38     32    24          40           19
301.744287       36       35       36       39       40       38     32    24          40           22
302.375511       36       35       36       39       40       38     32    24          40           22
303.006735       36       35       37       39       40       38     32    24          40           22
303.637960       36       35       37       39       40       38     32    24          40           22
304.269184       36       36       37       39       40       38     32    24          40           22
304.900409       37       37       37       39       40       38     32    24          40           24
305.531633       37       37       38       39       40       38     32    24          40           24
306.162858       37       37       38       39       40       38     32    24          40           24
306.794082       37       37       39       39       40       38     32    24          40           24
307.425307       37       37       39       39       40       38     32    24          40           24
308.056531       37       38       39       39       40       38     32    24          40           24
308.687756       37       39       39       39       40       38     32    24          40           24
309.318980       37       39       39       39       40       38     32    24          40           24
309.950204       37       39       40       39       40       38     32    24          40           24
310.581429       37       39       40       39       40       38     37    36          40           31
311.212653       37       39       40       39       40       38     38    37          40           32
311.843878       37       40       40       39       40       38     40    39          40           34
312.475102       37       40       40       39       40       38     40    39          40           34
313.106327       37       40       40       39       40       38     40    39          40           34
313.737551       37       40       40       39       40       38     41    40          41           34
314.368776       37       40       40       39       40       38     41    40          41           34
315.000000       39       40       40       39       40       38     41    40          41           36
