Relative performance profile for SolverTime
Filter: time >= 10.0 by at least one solver and no fail for all solvers
             SHOTcq0  SHOTcq1  SHOTcq2  SHOThq0  SHOThq1  SHOThq2  baron  scip  virt. best  virt. worst
1.000000           3        0        2        8        0        2      8     4          27            0
1.016578           7        4        6        8        4        6      8     6          27            0
1.033432           7        4        6        8        4        6      9    10          27            1
1.050565           7        4        6        8        4        6     12    10          27            4
1.067981           7        4        6        8        4        6     12    10          27            4
1.085687           7        4        6        8        4        6     12    10          27            4
1.103686           7        4        6        8        5        7     12    10          27            4
1.121983           7        4        6        8        5        7     12    10          27            4
1.140584           7        4        6        8        5        7     12    10          27            4
1.159493           7        4        6        8        5        7     12    10          27            4
1.178716           7        4        6        8        5        7     12    10          27            4
1.198257           7        4        6        8        5        7     12    10          27            4
1.218122           7        4        6        8        5        7     12    10          27            4
1.238317           7        4        6        8        5        7     12    10          27            4
1.258846           7        4        6        8        5        7     12    10          27            4
1.279716           7        4        6        8        5        7     12    10          27            4
1.300932           7        5        6        8        5        7     13    11          27            4
1.322499           7        5        7        8        5        7     14    11          27            4
1.344424           8        5        7        8        5        7     14    11          27            4
1.366713           8        5        7        8        5        7     14    11          27            4
1.389371           8        5        7        8        5        7     14    11          27            4
1.412405           8        5        7        8        5        8     14    11          27            4
1.435820           8        5        8        8        5        8     14    11          27            4
1.459624           8        5        9        8        5        8     14    12          27            4
1.483822           8        5        9        8        5        8     14    12          27            4
1.508422           8        5        9        8        5        9     14    12          27            4
1.533429           8        5        9        8        5        9     14    12          27            4
1.558851           8        5        9        8        5        9     14    12          27            4
1.584694           8        5        9        8        5        9     14    12          27            4
1.610966           8        5        9        8        5        9     14    12          27            4
1.637673           8        5        9        8        5       10     14    12          27            4
1.664823           8        5        9        8        5       10     14    12          27            4
1.692424           8        5        9        8        5       10     14    12          27            4
1.720482           8        5        9        8        5       10     14    12          27            4
1.749004           8        5        9        9        5       10     14    12          27            4
1.778000           8        5        9        9        5       10     14    12          27            4
1.807477           8        5        9       10        5       10     15    12          27            4
1.837442           8        5        9       10        5       10     15    12          27            4
1.867904           8        5        9       10        5       10     16    12          27            4
1.898871           8        5        9       10        5       10     16    12          27            4
1.930351           8        5        9       11        5       10     16    12          27            4
1.962354           8        5        9       11        5       10     16    12          27            4
1.994887           8        6       10       12        5       10     16    12          27            4
2.027959           8        6       10       12        5       10     16    12          27            4
2.061579           8        6       10       13        5       10     16    12          27            4
2.095757           8        6       10       13        5       10     16    12          27            4
2.130501           8        6       10       13        5       10     16    12          27            4
2.165822           8        6       10       13        5       10     16    12          27            4
2.201728           8        6       10       13        5       10     16    12          27            4
2.238229           8        6       11       13        5       10     16    12          27            4
2.275336           8        6       11       14        6       10     16    12          27            4
2.313057           8        6       11       14        6       11     16    12          27            4
2.351404           8        6       11       14        6       11     16    12          27            4
2.390387           8        6       11       14        6       12     16    12          27            4
2.430016           9        6       12       14        6       12     16    12          27            5
2.470302           9        6       12       14        6       12     16    12          27            5
2.511256           9        7       12       14        6       12     16    12          27            5
2.552888           9        7       12       14        6       12     16    12          27            5
2.595211           9        7       12       14        6       12     16    12          27            5
2.638236           9        7       12       14        6       12     16    12          27            5
2.681974           9        7       13       14        6       12     16    12          27            5
2.726437           9        7       13       14        6       12     16    12          27            5
2.771637           9        7       13       14        6       13     16    12          27            5
2.817587           9        7       13       14        6       13     16    12          27            5
2.864298           9        7       13       14        6       13     16    12          27            5
2.911784           9        7       13       14        6       13     16    12          27            5
2.960057           9        7       14       14        6       13     16    12          27            5
3.009130           9        7       14       14        6       13     17    12          27            5
3.059017           9        7       14       14        6       13     17    12          27            5
3.109731           9        7       14       14        6       13     17    12          27            5
3.161285           9        7       14       14        6       13     17    12          27            5
3.213694           9        7       14       14        6       13     17    12          27            5
3.266973           9        7       14       14        6       13     17    12          27            5
3.321134           9        7       14       14        6       13     17    12          27            5
3.376193           9        7       14       14        6       13     17    12          27            5
3.432165           9        7       15       14        6       13     17    12          27            5
3.489066           9        7       15       14        6       13     17    12          27            5
3.546909           9        7       15       14        6       13     17    12          27            5
3.605711           9        7       15       14        6       13     17    12          27            5
3.665488           9        7       16       14        6       13     17    12          27            5
3.726257           9        8       16       14        6       13     17    12          27            5
3.788032           9        8       16       14        6       13     17    12          27            5
3.850832           9        8       16       14        6       13     17    12          27            5
3.914673          10        9       17       15        7       14     17    12          27            6
3.979572          10        9       17       15        7       14     17    12          27            6
4.045548          10        9       17       15        8       14     17    12          27            6
4.112617          10       10       17       15        8       14     17    12          27            6
4.180797          10       11       17       15        8       14     17    12          27            6
4.250109          10       11       17       15        8       14     17    13          27            6
4.320569          10       11       17       15        8       14     17    13          27            6
4.392197          10       11       17       15        8       14     17    13          27            6
4.465013          10       11       17       15        8       14     17    13          27            6
4.539037          10       11       18       15        8       14     17    13          27            6
4.614287          10       11       18       15        8       14     18    13          27            6
4.690785          10       11       18       15        8       14     18    13          27            6
4.768551          10       11       18       15        8       14     18    13          27            6
4.847606          10       11       18       15        8       14     18    13          27            6
4.927972          10       11       18       15        8       14     18    13          27            6
5.009670          10       11       18       15        8       14     18    13          27            6
5.092723          10       11       18       15        8       14     18    13          27            6
5.177152          10       11       18       15        9       14     18    13          27            7
5.262982          10       11       18       15        9       14     19    13          27            7
5.350234          10       11       18       15        9       14     19    13          27            7
5.438933          10       11       18       15        9       14     19    13          27            7
5.529102          10       11       18       15        9       14     19    13          27            7
5.620766          10       12       18       15        9       15     19    13          27            7
5.713950          10       12       18       15        9       15     19    13          27            7
5.808678          11       13       18       16       10       15     19    13          27            7
5.904977          11       13       18       16       10       15     19    13          27            7
6.002873          11       13       18       16       10       15     19    14          27            8
6.102391          12       13       18       17       11       15     19    14          27            8
6.203560          12       14       18       17       11       15     19    14          27            8
6.306405          12       14       18       17       11       15     19    15          27            9
6.410956          12       14       18       17       12       16     19    15          27            9
6.517240          12       14       18       17       12       16     19    15          27            9
6.625285          12       14       18       17       12       16     19    15          27            9
6.735123          12       14       18       17       12       16     19    15          27            9
6.846781          12       14       18       17       12       17     19    15          27            9
6.960290          12       14       18       17       12       17     19    15          27            9
7.075681          12       14       18       17       12       17     19    15          27            9
7.192985          12       14       18       17       12       17     19    15          27            9
7.312233          12       14       18       17       12       17     19    15          27            9
7.433459          12       14       18       17       12       17     19    15          27            9
7.556695          12       14       18       17       12       18     19    15          27            9
7.681973          12       14       18       17       12       18     19    15          27            9
7.809328          12       14       18       17       12       18     19    15          27            9
7.938795          12       14       18       17       12       18     19    15          27            9
8.070408          12       14       18       17       13       18     19    15          27            9
8.204203          12       14       18       17       13       18     19    15          27            9
8.340217          12       14       18       17       13       18     19    15          27            9
8.478485          12       14       18       17       13       18     19    15          27            9
8.619045          12       14       18       17       13       18     19    15          27            9
8.761936          12       14       18       17       13       18     19    15          27            9
8.907195          12       14       18       17       13       18     19    15          27            9
9.054863          12       14       18       17       13       18     19    15          27            9
9.204979          12       14       18       17       13       18     19    15          27            9
9.357583          13       15       18       18       14       18     19    15          27           10
9.512718          13       15       18       18       14       18     19    15          27           10
9.670424          13       15       18       18       14       18     19    15          27           10
9.830745          13       15       18       18       14       18     19    15          27           10
9.993724          14       17       18       20       16       18     19    15          27           11
10.159404         15       17       18       21       16       18     19    15          27           12
10.327832         15       17       18       21       16       18     19    15          27           12
10.499051         15       17       18       21       16       18     19    15          27           12
10.673110         15       17       18       21       16       18     19    15          27           12
10.850053         15       17       18       21       16       18     19    15          27           12
11.029931         15       17       18       21       16       18     20    15          27           12
11.212790         15       17       18       21       16       18     20    16          27           12
11.398681         15       17       18       21       17       18     20    16          27           13
11.587654         15       17       18       21       17       18     20    16          27           13
11.779760         15       17       18       21       17       18     20    16          27           13
11.975050         15       17       18       21       17       18     20    16          27           13
12.173578         15       17       18       21       17       18     20    16          27           13
12.375397         15       17       18       21       17       18     20    17          27           13
12.580563         15       17       18       21       17       18     20    17          27           13
12.789129         15       17       18       21       17       18     20    17          27           13
13.001153         15       17       18       21       17       18     20    17          27           13
13.216693         15       17       18       21       17       18     20    17          27           13
13.435805         15       17       18       21       17       18     20    17          27           13
13.658550         15       18       18       21       17       18     20    17          27           13
13.884988         15       18       18       21       17       18     20    17          27           13
14.115180         15       18       18       21       17       18     20    17          27           13
14.349189         15       18       18       21       18       18     20    17          27           13
14.587076         15       18       19       21       18       18     20    17          27           13
14.828908         15       18       19       21       18       18     20    17          27           13
15.074748         15       18       19       21       18       18     20    17          27           13
15.324665         15       18       19       21       18       18     20    17          27           13
15.578724         15       18       19       21       18       18     20    17          27           13
15.836996         15       18       19       21       18       18     20    17          27           13
16.099549         15       18       19       21       18       18     20    17          27           13
16.366455         15       18       19       21       18       18     20    17          27           13
16.637786         15       18       19       21       18       18     20    17          27           13
16.913615         15       18       19       21       18       18     20    17          27           13
17.194017         15       18       19       21       18       18     20    17          27           13
17.479067         15       18       19       21       19       18     20    17          27           13
17.768844         15       18       19       21       19       18     20    17          27           13
18.063424         15       18       19       21       19       18     20    17          27           13
18.362888         15       18       20       21       19       18     20    17          27           13
18.667317         15       18       20       21       19       18     20    17          27           13
18.976792         15       18       20       21       19       18     20    17          27           13
19.291399         15       18       20       21       19       18     20    17          27           13
19.611220         15       18       20       21       19       18     20    17          27           13
19.936345         15       18       20       21       19       18     20    17          27           13
20.266859         15       18       20       21       19       18     20    17          27           13
20.602852         15       18       20       21       19       18     20    17          27           13
20.944416         15       18       20       21       19       18     20    17          27           13
21.291643         15       18       20       21       19       18     20    17          27           13
21.644626         15       18       20       21       19       18     20    17          27           13
22.003461         15       18       21       21       19       18     20    17          27           13
22.368244         15       18       21       21       19       18     20    17          27           13
22.739076         15       18       21       21       19       18     20    17          27           13
23.116055         15       18       21       21       19       18     20    17          27           13
23.499284         15       18       21       21       19       18     20    17          27           13
23.888866         15       18       21       21       19       18     20    17          27           13
24.284907         15       18       21       21       19       18     20    17          27           13
24.687514         15       18       21       21       19       18     20    17          27           13
25.096795         15       18       21       21       19       18     20    17          27           13
25.512862         15       18       21       21       19       18     20    17          27           13
25.935826         16       18       21       21       19       18     20    17          27           13
26.365802         16       18       21       21       19       19     20    17          27           13
26.802907         16       18       21       21       19       19     20    17          27           13
27.247259         16       18       21       21       19       19     20    17          27           13
27.698976         16       18       21       21       19       19     20    17          27           13
28.158183         16       18       22       21       19       19     20    17          27           13
28.625003         16       18       22       21       19       19     20    17          27           13
29.099562         16       18       22       22       20       20     20    17          27           13
29.581988         16       19       22       22       20       20     20    17          27           13
30.072412         16       19       23       22       20       20     20    18          27           13
30.570967         17       19       23       22       20       20     21    18          27           14
31.077787         17       19       23       22       20       20     21    19          27           14
31.593009         17       19       23       22       20       20     21    19          27           14
32.116773         17       19       23       22       20       20     21    19          27           14
32.649220         17       19       23       22       20       21     21    19          27           14
33.190495         17       19       23       22       20       21     21    19          27           14
33.740743         17       19       23       22       21       21     21    19          27           14
34.300113         17       19       23       22       21       21     21    19          27           14
34.868756         17       19       23       22       21       21     21    19          27           14
35.446827         17       19       23       22       21       21     21    19          27           14
36.034481         17       19       23       22       21       21     21    19          27           14
36.631878         17       19       23       22       21       21     21    19          27           14
37.239179         17       19       23       22       21       21     21    19          27           14
37.856547         17       19       23       22       21       21     21    19          27           14
38.484151         17       19       23       22       21       21     21    19          27           14
39.122160         17       19       23       22       21       21     21    19          27           14
39.770745         17       19       23       22       21       21     21    19          27           14
40.430084         17       19       23       22       21       21     21    19          27           14
41.100353         17       19       23       22       21       21     21    19          27           14
41.781734         17       19       23       22       21       21     21    19          27           14
42.474411         17       19       23       22       21       21     21    19          27           14
43.178572         17       19       23       22       22       21     21    19          27           14
43.894407         17       19       23       22       22       21     21    19          27           14
44.622109         17       19       23       22       22       21     21    19          27           14
45.361876         17       19       23       22       22       21     21    19          27           14
46.113907         17       19       23       22       22       21     21    19          27           14
46.878405         17       19       23       22       22       21     21    19          27           14
47.655577         17       19       23       22       22       21     21    19          27           14
48.445634         18       20       23       22       23       22     21    19          27           14
49.248789         18       20       24       22       23       22     21    19          27           14
50.065259         18       20       24       22       23       22     22    20          27           15
50.895264         18       20       24       22       24       22     22    20          27           15
51.739030         18       20       24       22       24       22     22    20          27           15
52.596784         18       20       24       22       24       22     22    20          27           15
53.468759         18       20       24       22       24       22     22    20          27           15
54.355189         18       20       24       22       24       22     22    20          27           15
55.256315         18       20       24       22       24       22     22    20          27           15
56.172381         18       20       24       22       24       23     22    20          27           15
57.103633         18       20       24       22       24       23     22    20          27           15
58.050324         18       20       24       22       24       23     22    20          27           15
59.012710         18       20       25       22       24       23     22    20          27           15
59.991051         18       20       25       23       24       23     22    20          27           15
60.985611         18       20       25       23       24       24     22    20          27           15
61.996659         18       20       25       23       24       24     22    20          27           15
63.024469         18       20       25       23       24       24     22    20          27           15
64.069319         18       20       25       23       24       24     22    20          27           15
65.131490         18       20       25       23       25       24     22    20          27           15
66.211271         18       20       25       23       25       24     22    20          27           15
67.308953         18       20       25       23       25       24     22    20          27           15
68.424833         18       20       25       23       25       24     22    20          27           15
69.559212         18       20       25       23       25       24     22    20          27           15
70.712398         18       20       25       23       25       24     22    20          27           15
71.884701         18       20       25       23       25       24     22    20          27           15
73.076440         18       20       25       23       25       24     22    20          27           15
74.287936         18       20       25       23       25       25     22    20          27           15
75.519517         18       20       25       23       25       25     22    20          27           15
76.771515         18       20       25       23       25       25     22    20          27           15
78.044270         18       20       25       23       25       25     22    20          27           15
79.338125         18       20       25       23       25       25     22    20          27           15
80.653430         18       20       25       23       25       25     23    21          27           16
81.990541         18       20       25       23       25       25     23    21          27           16
83.349819         18       20       25       23       25       25     23    21          27           16
84.731631         18       20       25       23       25       25     23    21          27           16
86.136353         18       20       25       23       25       25     23    21          27           16
87.564362         18       20       25       23       25       25     23    21          27           16
89.016046         18       20       25       23       25       25     23    21          27           16
90.491796         18       20       25       23       25       25     23    21          27           16
91.992012         18       20       25       23       25       25     23    21          27           16
93.517099         18       20       25       23       25       25     23    21          27           16
95.067470         18       20       25       23       25       25     23    21          27           16
96.643543         18       20       25       23       25       25     23    21          27           16
98.245746         18       21       25       23       25       25     23    21          27           16
99.874510         18       21       25       23       25       26     23    21          27           16
101.530278        18       21       25       23       25       26     23    21          27           16
103.213495        18       21       25       23       25       26     23    21          27           16
104.924617        18       21       25       23       25       26     23    21          27           16
106.664107        18       21       25       23       25       26     23    21          27           16
108.432435        18       21       25       23       25       26     23    21          27           16
110.230080        18       21       25       23       25       26     23    21          27           16
112.057526        18       21       25       23       25       26     23    21          27           16
113.915269        18       21       25       23       25       26     23    21          27           16
115.803810        18       21       26       23       25       26     23    21          27           16
117.723661        18       21       26       23       25       26     23    21          27           16
119.675340        18       21       26       23       25       26     23    21          27           16
121.659374        18       21       26       23       25       26     23    21          27           16
123.676301        18       22       26       24       25       26     24    22          27           17
125.726665        18       22       26       25       26       26     24    22          27           17
127.811022        18       22       26       25       26       26     24    22          27           17
129.929933        18       23       27       25       26       26     24    23          27           17
132.083974        19       23       27       25       26       26     24    23          27           18
134.273724        19       23       27       25       26       26     24    23          27           18
136.499778        19       23       27       25       26       26     24    23          27           18
138.762736        19       23       27       25       26       26     24    23          27           18
141.063210        19       23       27       25       26       26     24    23          27           18
143.401823        19       23       27       25       26       26     24    23          27           18
145.779207        19       23       27       25       26       26     24    23          27           18
148.196004        19       23       27       25       26       26     24    23          27           18
150.652867        19       23       27       25       26       26     24    23          27           18
153.150462        19       23       27       25       26       26     24    23          27           18
155.689463        19       23       27       25       26       26     24    23          27           18
158.270557        20       23       27       25       26       26     24    23          27           18
160.894441        20       23       27       25       26       26     25    23          27           18
163.561826        20       23       27       25       26       26     25    23          27           18
166.273431        20       23       27       25       26       26     25    23          27           18
169.029991        20       23       27       25       26       26     25    23          27           18
171.832250        20       23       27       25       26       26     25    23          27           18
174.680967        20       23       27       25       26       26     25    23          27           18
177.576911        20       23       27       25       27       26     25    23          27           18
180.520865        20       23       27       25       27       26     25    23          27           18
183.513626        20       23       27       25       27       26     25    23          27           18
186.556002        20       23       27       25       27       26     25    23          27           18
189.648816        20       23       27       25       27       26     25    23          27           18
192.792904        20       23       27       25       27       26     25    23          27           18
195.989116        20       23       27       25       27       26     25    23          27           18
199.238316        20       23       27       25       27       26     25    23          27           18
202.541384        20       23       27       25       27       26     25    23          27           18
205.899211        20       23       27       25       27       26     25    23          27           18
209.312706        20       23       27       25       27       26     25    23          27           18
212.782791        20       23       27       25       27       26     25    23          27           18
216.310405        20       23       27       25       27       26     25    23          27           18
219.896502        20       23       27       25       27       26     25    23          27           18
223.542050        20       23       27       25       27       26     26    24          27           19
227.248036        20       23       27       25       27       26     26    24          27           19
231.015462        20       23       27       25       27       26     26    24          27           19
234.845346        20       23       27       25       27       26     26    24          27           19
238.738724        20       23       27       25       27       26     26    24          27           19
242.696648        20       23       27       25       27       26     26    24          27           19
246.720188        20       23       27       25       27       26     26    24          27           19
250.810432        20       23       27       25       27       26     26    24          27           19
254.968487        20       23       27       25       27       26     26    24          27           19
259.195475        20       23       27       25       27       26     26    24          27           19
263.492541        20       23       27       25       27       26     26    24          27           19
267.860845        20       23       27       25       27       26     26    24          27           19
272.301569        20       23       27       25       27       26     26    24          27           19
276.815914        20       23       27       25       27       26     26    24          27           19
281.405099        20       24       27       25       27       26     26    24          27           19
286.070367        20       24       27       25       27       26     26    24          27           19
290.812977        20       24       27       25       27       26     26    24          27           19
295.634212        20       24       27       25       27       26     26    24          27           19
300.535377        20       24       27       25       27       26     26    24          27           19
305.517795        20       24       27       25       27       26     26    24          27           19
310.582814        20       24       27       25       27       26     26    24          27           19
315.731803        20       24       27       25       27       26     26    24          27           19
320.966155        20       24       27       25       27       26     26    24          27           19
326.287284        20       24       27       25       27       26     26    24          27           19
331.696629        20       24       27       25       27       26     26    24          27           19
337.195653        20       24       27       25       27       26     26    24          27           19
342.785843        20       24       27       25       27       26     26    24          27           19
348.468709        20       24       27       25       27       26     26    24          27           19
354.245789        20       24       27       25       27       26     26    24          27           19
360.118644        20       24       27       25       27       26     26    24          27           19
366.088861        20       24       27       25       27       26     26    24          27           19
372.158056        20       25       27       25       27       27     26    24          27           19
378.327869        21       25       27       26       27       27     26    24          27           19
384.599968        21       25       27       26       27       27     26    24          27           19
390.976049        21       25       27       26       27       27     26    25          27           20
397.457835        21       25       27       26       27       27     26    25          27           20
404.047080        21       25       27       26       27       27     26    25          27           20
410.745564        21       25       27       26       27       27     26    25          27           20
417.555099        22       25       27       27       27       27     26    25          27           21
424.477526        22       25       27       27       27       27     26    25          27           21
431.514715        22       25       27       27       27       27     26    25          27           21
438.668571        22       25       27       27       27       27     26    25          27           21
445.941027        22       25       27       27       27       27     26    25          27           21
453.334049        22       25       27       27       27       27     26    25          27           21
460.849636        22       25       27       27       27       27     26    25          27           21
468.489820        22       25       27       27       27       27     26    25          27           21
476.256666        22       25       27       27       27       27     26    25          27           21
484.152275        22       25       27       27       27       27     26    25          27           21
492.178781        22       26       27       27       27       27     26    25          27           21
500.338355        22       26       27       27       27       27     26    25          27           21
508.633201        22       26       27       27       27       27     26    25          27           21
517.065564        22       26       27       27       27       27     26    26          27           22
525.637722        22       26       27       27       27       27     26    26          27           22
534.351994        22       26       27       27       27       27     26    26          27           22
543.210735        22       26       27       27       27       27     26    26          27           22
552.216340        22       26       27       27       27       27     26    26          27           22
561.371244        22       26       27       27       27       27     26    26          27           22
570.677923        22       26       27       27       27       27     26    26          27           22
580.138893        22       26       27       27       27       27     26    26          27           22
589.756711        22       26       27       27       27       27     26    26          27           22
599.533977        22       26       27       27       27       27     26    26          27           22
609.473336        22       26       27       27       27       27     26    26          27           22
619.577474        22       26       27       27       27       27     26    26          27           22
629.849123        22       26       27       27       27       27     26    26          27           22
640.291061        22       26       27       27       27       27     26    26          27           22
650.906110        22       26       27       27       27       27     26    26          27           22
661.697140        22       26       27       27       27       27     26    26          27           22
672.667070        22       26       27       27       27       27     26    27          27           22
683.818863        22       26       27       27       27       27     27    27          27           22
695.155537        22       26       27       27       27       27     27    27          27           22
706.680155        22       26       27       27       27       27     27    27          27           22
718.395834        22       26       27       27       27       27     27    27          27           22
730.305741        22       26       27       27       27       27     27    27          27           22
742.413096        22       26       27       27       27       27     27    27          27           22
754.721173        22       26       27       27       27       27     27    27          27           22
767.233299        22       26       27       27       27       27     27    27          27           22
779.952856        22       26       27       27       27       27     27    27          27           22
792.883285        22       26       27       27       27       27     27    27          27           22
806.028080        22       26       27       27       27       27     27    27          27           22
819.390796        22       26       27       27       27       27     27    27          27           22
832.975046        22       26       27       27       27       27     27    27          27           22
846.784501        22       26       27       27       27       27     27    27          27           22
860.822896        22       26       27       27       27       27     27    27          27           22
875.094027        22       26       27       27       27       27     27    27          27           22
889.601751        22       26       27       27       27       27     27    27          27           22
904.349991        22       26       27       27       27       27     27    27          27           22
919.342734        22       26       27       27       27       27     27    27          27           22
934.584034        22       26       27       27       27       27     27    27          27           22
950.078012        22       26       27       27       27       27     27    27          27           22
965.828856        22       26       27       27       27       27     27    27          27           22
981.840825        22       26       27       27       27       27     27    27          27           22
998.118248        22       26       27       27       27       27     27    27          27           22
1014.665526       22       26       27       27       27       27     27    27          27           22
1031.487133       22       26       27       27       27       27     27    27          27           22
1048.587616       22       26       27       27       27       27     27    27          27           22
1065.971599       22       26       27       27       27       27     27    27          27           22
1083.643782       22       26       27       27       27       27     27    27          27           22
1101.608942       22       26       27       27       27       27     27    27          27           22
1119.871938       22       26       27       27       27       27     27    27          27           22
1138.437707       22       26       27       27       27       27     27    27          27           22
1157.311267       22       26       27       27       27       27     27    27          27           22
1176.497722       22       26       27       27       27       27     27    27          27           22
1196.002260       22       26       27       27       27       27     27    27          27           22
1215.830153       22       26       27       27       27       27     27    27          27           22
1235.986762       22       26       27       27       27       27     27    27          27           22
1256.477537       22       26       27       27       27       27     27    27          27           22
1277.308018       22       26       27       27       27       27     27    27          27           22
1298.483836       22       26       27       27       27       27     27    27          27           22
1320.010717       22       26       27       27       27       27     27    27          27           22
1341.894481       22       26       27       27       27       27     27    27          27           22
1364.141045       22       26       27       27       27       27     27    27          27           22
1386.756422       22       26       27       27       27       27     27    27          27           22
1409.746728       22       26       27       27       27       27     27    27          27           22
1433.118179       22       26       27       27       27       27     27    27          27           22
1456.877092       22       26       27       27       27       27     27    27          27           22
1481.029892       22       26       27       27       27       27     27    27          27           22
1505.583108       22       26       27       27       27       27     27    27          27           22
1530.543379       22       26       27       27       27       27     27    27          27           22
1555.917453       23       26       27       27       27       27     27    27          27           22
1581.712191       23       27       27       27       27       27     27    27          27           23
1607.934566       23       27       27       27       27       27     27    27          27           23
1634.591669       23       27       27       27       27       27     27    27          27           23
1661.690705       23       27       27       27       27       27     27    27          27           23
1689.239002       23       27       27       27       27       27     27    27          27           23
1717.244008       23       27       27       27       27       27     27    27          27           23
1745.713294       24       27       27       27       27       27     27    27          27           24
1774.654557       24       27       27       27       27       27     27    27          27           24
1804.075622       24       27       27       27       27       27     27    27          27           24
1833.984444       24       27       27       27       27       27     27    27          27           24
1864.389108       24       27       27       27       27       27     27    27          27           24
1895.297836       24       27       27       27       27       27     27    27          27           24
1926.718982       24       27       27       27       27       27     27    27          27           24
1958.661044       24       27       27       27       27       27     27    27          27           24
1991.132656       24       27       27       27       27       27     27    27          27           24
2024.142598       24       27       27       27       27       27     27    27          27           24
2057.699795       24       27       27       27       27       27     27    27          27           24
2091.813318       24       27       27       27       27       27     27    27          27           24
2126.492392       24       27       27       27       27       27     27    27          27           24
2161.746392       25       27       27       27       27       27     27    27          27           25
2197.584849       25       27       27       27       27       27     27    27          27           25
2234.017454       25       27       27       27       27       27     27    27          27           25
2271.054055       25       27       27       27       27       27     27    27          27           25
2308.704667       25       27       27       27       27       27     27    27          27           25
2346.979468       25       27       27       27       27       27     27    27          27           25
2385.888807       25       27       27       27       27       27     27    27          27           25
2425.443204       25       27       27       27       27       27     27    27          27           25
2465.653353       25       27       27       27       27       27     27    27          27           25
2506.530124       25       27       27       27       27       27     27    27          27           25
2548.084569       25       27       27       27       27       27     27    27          27           25
2590.327925       25       27       27       27       27       27     27    27          27           25
2633.271610       25       27       27       27       27       27     27    27          27           25
2676.927236       25       27       27       27       27       27     27    27          27           25
2721.306606       25       27       27       27       27       27     27    27          27           25
2766.421718       25       27       27       27       27       27     27    27          27           25
2812.284770       25       27       27       27       27       27     27    27          27           25
2858.908162       25       27       27       27       27       27     27    27          27           25
2906.304498       25       27       27       27       27       27     27    27          27           25
2954.486593       25       27       27       27       27       27     27    27          27           25
3003.467473       25       27       27       27       27       27     27    27          27           25
3053.260382       25       27       27       27       27       27     27    27          27           25
3103.878782       25       27       27       27       27       27     27    27          27           25
3155.336357       25       27       27       27       27       27     27    27          27           25
3207.647020       25       27       27       27       27       27     27    27          27           25
3260.824915       25       27       27       27       27       27     27    27          27           25
3314.884417       25       27       27       27       27       27     27    27          27           25
3369.840144       25       27       27       27       27       27     27    27          27           25
3425.706953       25       27       27       27       27       27     27    27          27           25
3482.499948       25       27       27       27       27       27     27    27          27           25
3540.234485       26       27       27       27       27       27     27    27          27           26
3598.926172       26       27       27       27       27       27     27    27          27           26
3658.590878       27       27       27       27       27       27     27    27          27           27
