                              SHOTcq0       SHOTcq1       SHOTcq2       SHOThq0       SHOThq1       SHOThq2         baron        gurobi          scip    virt. best   virt. worst
CCPOP5_100               5.358725e-05  3.682470e-05  6.249596e-05  5.101717e-05  6.193601e-05  6.023317e-05  6.023318e-05  6.023318e-05  6.023318e-05  6.249596e-05  3.682470e-05
CCPOP5_186               4.583405e-05  4.962862e-05  6.733253e-05  4.017198e-05  5.695856e-05  5.432411e-05  7.077909e-05  7.071331e-05  5.054149e-05  7.077909e-05  4.017198e-05
CCPOP5_20                9.315632e-05  9.819433e-05  9.501362e-05  9.704801e-05  9.501362e-05  9.645916e-05  9.326178e-05  9.326178e-05  9.326178e-05  9.819433e-05  9.315632e-05
CCPOP5_219               4.437117e-05  4.009420e-05  4.885429e-05  3.972884e-05  5.383239e-05  5.377400e-05  6.671981e-05  6.770220e-05  4.833718e-05  6.770220e-05  3.972884e-05
CCPOP5_300               3.962156e-05  3.482586e-05  5.075295e-05  3.857404e-05  4.923167e-05  5.116999e-05  5.588761e-05  5.588666e-05  5.588666e-05  5.588761e-05  3.482586e-05
CCPOP5_50                6.469870e-05  6.912032e-05  6.928742e-05  5.988810e-05  6.712389e-05  6.675475e-05  6.500245e-05  6.500245e-05  6.500245e-05  6.928742e-05  5.988810e-05
CCPOPwTCRTEaD5_20       -1.013516e-03 -1.008195e-03 -1.006225e-03 -1.013516e-03 -1.013516e-03 -1.013520e-03 -1.014524e-03 -1.014524e-03 -1.014524e-03 -1.006225e-03 -1.014524e-03
CCPOPwTCRTEaD5_50       -1.456204e-03 -1.178407e-03 -1.178407e-03 -1.782278e-03 -1.178407e-03 -1.178407e-03 -1.179525e-03 -1.179525e-03 -1.179525e-03 -1.178407e-03 -1.782278e-03
CCPOPwTCaD5_20           4.492005e-05  5.365658e-04  5.365658e-04  5.506580e-04  3.239432e-04  5.365658e-04  5.365658e-04  5.365658e-04  5.365658e-04  5.506580e-04  4.492005e-05
CCPOPwTCaD5_300         -1.281247e-03 -2.703932e-05  6.420941e-06 -9.862541e-04  6.673502e-07 -1.805250e-05  4.703824e-05  4.703821e-05  4.704087e-05  4.704087e-05 -1.281247e-03
CCPOPwTCaD5_50          -7.515007e-04  6.199846e-05  1.178208e-04 -7.026118e-04  2.796525e-05 -4.546837e-05  9.471068e-05  9.552312e-05  9.538488e-05  1.178208e-04 -7.515007e-04
CCPOPwTCaRL5_165         1.177724e-03  1.177724e-03  1.177724e-03  1.177724e-03  1.177724e-03  1.177724e-03  1.178809e-03  1.178809e-03  1.178809e-03  1.177724e-03  1.178809e-03
CCPOPwTCaRL5_308         1.759138e-03  1.759138e-03  1.759138e-03  1.761791e-03  1.761791e-03  1.761791e-03  1.761791e-03  1.761791e-03  1.761791e-03  1.759138e-03  1.761791e-03
CCPOPwTCaRL5_50          2.804233e-04  2.804233e-04  2.804233e-04  2.804233e-04  2.804233e-04  2.804359e-04  2.804233e-04  2.804233e-04  2.804233e-04  2.804233e-04  2.804359e-04
CCPOPwTCaRL5_538         6.371190e-03  6.371190e-03  6.371190e-03  6.371189e-03  6.371190e-03  6.371190e-03  6.371190e-03  6.371190e-03  6.372842e-03  6.371189e-03  6.372842e-03
MPCCPOP12_10             1.250407e-02  1.699078e-02  1.698008e-02  1.015640e-02  1.689933e-02  1.688815e-02  1.697896e-02  1.697896e-02  1.697896e-02  1.699078e-02  1.015640e-02
MPCCPOP12_50            -3.265906e-03  3.668395e-03  5.334669e-03 -5.950284e-03  2.276400e-03  3.202533e-03  6.353579e-03  6.353579e-03  6.353579e-03  6.353579e-03 -5.950284e-03
MPCCPOP_crypto8_1mo_5d  -9.497665e-02 -9.497665e-02 -9.497665e-02 -9.497665e-02 -9.716796e-02 -9.497665e-02 -9.497665e-02 -9.497665e-02 -9.497665e-02 -9.497665e-02 -9.716796e-02
MPCCPOP_crypto8_30d_90m -1.106432e-01 -1.096291e-01 -1.096303e-01 -1.101388e-01 -1.092674e-01 -1.092285e-01 -1.095481e-01 -1.096334e-01 -1.125894e-01 -1.092285e-01 -1.125894e-01
RPOPwCaTC5_50            5.065820e-04  5.111606e-04  5.111606e-04  5.111605e-04  5.111603e-04  5.111605e-04  5.140210e-04  5.190538e-04  5.206641e-04  5.065820e-04  5.206641e-04
SaCCDPOP5_3_115          7.394672e+00  7.406563e+00  7.214969e+00  7.623977e+00  7.658593e+00  7.632403e+00  7.678827e+00  7.671240e+00  4.179848e+00  7.678827e+00  4.179848e+00
SaCCDPOP5_3_17           1.116461e+00  1.116445e+00  1.116482e+00  1.116458e+00  1.116451e+00  1.116413e+00  1.116443e+00  1.116141e+00  1.115469e+00  1.116482e+00  1.115469e+00
SaCCDPOP5_3_326          2.099693e+01  2.109025e+01  2.108088e+01  2.221110e+01  2.219587e+01  2.219409e+01  2.225417e+01  2.223733e+01  1.241519e+01  2.225417e+01  1.241519e+01
SaCCDPOP5_3_61           3.892041e+00  3.836463e+00  3.733964e+00  3.948623e+00  3.948552e+00  3.948564e+00  3.948617e+00  3.944736e+00  2.140656e+00  3.948623e+00  2.140656e+00
ball_mk4_05                       inf           inf           inf           inf           inf           inf           inf           inf           inf           inf           inf
ball_mk4_15             -9.703338e+03  1.538543e+01           inf -7.126000e+03           inf           inf           inf -3.100000e+01  1.340365e+01           inf -9.703338e+03
color_lab2_4x0           1.942074e+01  3.281905e+01  3.310275e+01  1.947030e+01  3.242325e+01  3.286146e+01  3.451468e+01  3.451573e+01 -2.545318e+01  3.451573e+01 -2.545318e+01
color_lab6b_4x20        -1.110093e+01 -2.789971e+00 -2.843609e+00 -1.113248e+01 -3.114401e+00 -2.784850e+00 -7.417690e-01 -1.201677e+00 -6.537247e+03 -7.417690e-01 -6.537247e+03
meanvar-orl400_05_e_8    9.950006e+01  9.935269e+01  9.948265e+01  9.874796e+01  9.948260e+01  9.948260e+01  9.948265e+01  9.938847e+01  9.944363e+01  9.950006e+01  9.874796e+01
nvs11                   -4.310000e+02 -4.328533e+02 -4.330174e+02 -4.310000e+02 -4.310000e+02 -4.310000e+02 -4.310000e+02 -4.310000e+02 -4.313671e+02 -4.310000e+02 -4.330174e+02
pedigree_ex485_2        -2.575323e+04 -2.575843e+04 -2.576682e+04 -2.577679e+04 -2.576142e+04 -2.576682e+04 -2.576682e+04 -2.576703e+04 -2.578557e+04 -2.575323e+04 -2.578557e+04
pedigree_ex485          -2.268044e+04 -2.254928e+04 -2.198126e+04 -2.271078e+04 -2.250323e+04 -2.193157e+04 -2.193157e+04 -2.195338e+04 -2.193157e+04 -2.193157e+04 -2.271078e+04
pedigree_sim2000        -1.033074e+04 -9.848652e+03 -9.842440e+03 -1.033074e+04 -9.851150e+03 -9.825120e+03 -9.838758e+03 -9.823945e+03 -9.941914e+03 -9.823945e+03 -1.033074e+04
pedigree_sim400         -2.619250e+03 -2.600746e+03 -2.602405e+03 -2.622720e+03 -2.608480e+03 -2.590850e+03 -2.620530e+03 -2.590060e+03 -2.649286e+03 -2.590060e+03 -2.649286e+03
pedigree_sp_top4_250    -2.352839e+04 -2.356275e+04 -2.317619e+04 -2.353154e+04 -2.351390e+04 -2.316889e+04 -2.317619e+04 -2.318583e+04 -2.317619e+04 -2.316889e+04 -2.356275e+04
pedigree_sp_top4_300    -2.352728e+04 -2.346266e+04 -2.317619e+04 -2.352769e+04 -2.342555e+04 -2.315981e+04 -2.317619e+04 -2.319873e+04 -2.319051e+04 -2.315981e+04 -2.352769e+04
pedigree_sp_top4_350tr  -2.337382e+04 -2.324800e+04 -2.300331e+04 -2.338019e+04 -2.325487e+04 -2.300246e+04 -2.300331e+04 -2.302610e+04 -2.302300e+04 -2.300246e+04 -2.338019e+04
pedigree_sp_top5_200    -2.351347e+04 -2.364770e+04 -2.317619e+04 -2.355245e+04 -2.379620e+04 -2.316512e+04 -2.317619e+04 -2.318481e+04 -2.366821e+04 -2.316512e+04 -2.379620e+04
pedigree_sp_top5_250    -2.355693e+04 -2.359047e+04 -2.317619e+04 -2.355569e+04 -2.358444e+04 -2.316889e+04 -2.317619e+04 -2.318420e+04 -2.317619e+04 -2.316889e+04 -2.359047e+04
watercontamination0202r -4.893181e+02  9.790444e+01  9.790444e+01  9.790444e+01  9.790444e+01  9.790444e+01  9.790444e+01  9.790444e+01 -3.713470e+03  9.790444e+01 -3.713470e+03
